rssi, rscp, ecio, rsrp, rsrq, bars, sinr, end, datetime
-77, 0, 0, -112, -13, 2, 3, , 2020-08-29T10:59:30.918707
-77, 0, 0, -112, -13, 2, 3, , 2020-08-29T10:59:32.295786
-79, 0, 0, -113, -15, 2, 3, , 2020-08-29T10:59:33.641863
-79, 0, 0, -113, -15, 2, 3, , 2020-08-29T10:59:34.998941
-82, 0, 0, -113, -13, 2, 4, , 2020-08-29T10:59:36.325017
-82, 0, 0, -113, -13, 2, 4, , 2020-08-29T10:59:37.657093
-79, 0, 0, -112, -12, 2, 5, , 2020-08-29T10:59:38.999170
-79, 0, 0, -112, -12, 2, 5, , 2020-08-29T10:59:40.345247
-81, 0, 0, -113, -12, 2, 1, , 2020-08-29T10:59:41.682323
-81, 0, 0, -113, -12, 2, 1, , 2020-08-29T10:59:43.020400
-81, 0, 0, -113, -12, 2, 1, , 2020-08-29T10:59:44.366477
-77, 0, 0, -111, -12, 2, 4, , 2020-08-29T10:59:45.677552
-77, 0, 0, -111, -12, 2, 4, , 2020-08-29T10:59:47.003627
-79, 0, 0, -112, -12, 2, 3, , 2020-08-29T10:59:48.380706
-79, 0, 0, -112, -12, 2, 3, , 2020-08-29T10:59:49.774786
-79, 0, 0, -114, -14, 2, 2, , 2020-08-29T10:59:51.100862
-79, 0, 0, -114, -14, 2, 2, , 2020-08-29T10:59:52.444939
-79, 0, 0, -111, -14, 2, 5, , 2020-08-29T10:59:53.804016
-79, 0, 0, -111, -14, 2, 5, , 2020-08-29T10:59:55.118091
-79, 0, 0, -111, -14, 2, 5, , 2020-08-29T10:59:56.464168
-79, 0, 0, -113, -14, 2, 1, , 2020-08-29T10:59:57.816246
-79, 0, 0, -113, -14, 2, 1, , 2020-08-29T10:59:59.329332
-79, 0, 0, -114, -15, 2, 1, , 2020-08-29T11:00:00.678410
-79, 0, 0, -114, -15, 2, 1, , 2020-08-29T11:00:01.996485
-81, 0, 0, -108, -12, 2, 6, , 2020-08-29T11:00:03.356563
-81, 0, 0, -108, -12, 2, 6, , 2020-08-29T11:00:04.775644
-76, 0, 0, -112, -15, 2, 2, , 2020-08-29T11:00:06.112720
-76, 0, 0, -112, -15, 2, 2, , 2020-08-29T11:00:07.456797
-79, 0, 0, -112, -13, 2, 2, , 2020-08-29T11:00:08.798874
-79, 0, 0, -112, -13, 2, 2, , 2020-08-29T11:00:10.212955
-79, 0, 0, -111, -12, 2, 3, , 2020-08-29T11:00:11.575033
-79, 0, 0, -111, -12, 2, 3, , 2020-08-29T11:00:12.887108
-79, 0, 0, -111, -12, 2, 3, , 2020-08-29T11:00:14.252186
-76, 0, 0, -109, -12, 2, 4, , 2020-08-29T11:00:15.593263
-76, 0, 0, -109, -12, 2, 4, , 2020-08-29T11:00:16.987342
-80, 0, 0, -112, -13, 2, 4, , 2020-08-29T11:00:18.353420
-80, 0, 0, -112, -13, 2, 4, , 2020-08-29T11:00:19.674496
-80, 0, 0, -112, -13, 2, 3, , 2020-08-29T11:00:21.016573
-80, 0, 0, -112, -13, 2, 3, , 2020-08-29T11:00:22.372650
-76, 0, 0, -112, -13, 2, 1, , 2020-08-29T11:00:23.692726
-76, 0, 0, -112, -13, 2, 1, , 2020-08-29T11:00:24.995800
-76, 0, 0, -112, -13, 2, 1, , 2020-08-29T11:00:26.373879
-76, 0, 0, -111, -12, 2, 3, , 2020-08-29T11:00:27.696955
-76, 0, 0, -111, -12, 2, 3, , 2020-08-29T11:00:29.015030
-76, 0, 0, -111, -13, 2, 4, , 2020-08-29T11:00:30.392109
-76, 0, 0, -111, -13, 2, 4, , 2020-08-29T11:00:31.732186
-78, 0, 0, -111, -13, 2, 5, , 2020-08-29T11:00:33.058262
-78, 0, 0, -111, -13, 2, 5, , 2020-08-29T11:00:34.402338
-78, 0, 0, -111, -13, 2, 2, , 2020-08-29T11:00:35.733415
-78, 0, 0, -111, -13, 2, 2, , 2020-08-29T11:00:37.057490
-78, 0, 0, -111, -13, 2, 2, , 2020-08-29T11:00:38.417568
-78, 0, 0, -111, -13, 2, 2, , 2020-08-29T11:00:39.730643
-78, 0, 0, -111, -13, 2, 2, , 2020-08-29T11:00:41.046718
-78, 0, 0, -113, -13, 2, 2, , 2020-08-29T11:00:42.413797
-78, 0, 0, -113, -13, 2, 2, , 2020-08-29T11:00:43.799876
-78, 0, 0, -110, -13, 2, 7, , 2020-08-29T11:00:45.148953
-78, 0, 0, -110, -13, 2, 7, , 2020-08-29T11:00:46.493030
-81, 0, 0, -112, -12, 2, 5, , 2020-08-29T11:00:47.816106
-81, 0, 0, -112, -12, 2, 5, , 2020-08-29T11:00:49.192184
-81, 0, 0, -110, -12, 2, 5, , 2020-08-29T11:00:50.518260
-81, 0, 0, -110, -12, 2, 5, , 2020-08-29T11:00:51.851336
-81, 0, 0, -110, -12, 2, 5, , 2020-08-29T11:00:53.196413
-77, 0, 0, -111, -13, 2, 3, , 2020-08-29T11:00:54.532490
-77, 0, 0, -111, -13, 2, 3, , 2020-08-29T11:00:55.855565
-79, 0, 0, -111, -13, 2, 3, , 2020-08-29T11:00:57.191642
-79, 0, 0, -111, -13, 2, 3, , 2020-08-29T11:00:58.535719
-77, 0, 0, -111, -14, 2, 2, , 2020-08-29T11:00:59.872795
-77, 0, 0, -111, -14, 2, 2, , 2020-08-29T11:01:01.192871
-79, 0, 0, -113, -15, 2, 0, , 2020-08-29T11:01:02.553949
-79, 0, 0, -113, -15, 2, 0, , 2020-08-29T11:01:03.875024
-79, 0, 0, -113, -15, 2, 0, , 2020-08-29T11:01:05.210101
-79, 0, 0, -113, -13, 2, 2, , 2020-08-29T11:01:06.576179
-79, 0, 0, -113, -13, 2, 2, , 2020-08-29T11:01:07.896254
-77, 0, 0, -110, -13, 2, 6, , 2020-08-29T11:01:09.408341
-77, 0, 0, -110, -13, 2, 6, , 2020-08-29T11:01:10.775419
-79, 0, 0, -110, -13, 2, 4, , 2020-08-29T11:01:12.130496
-79, 0, 0, -110, -13, 2, 4, , 2020-08-29T11:01:13.484574
-81, 0, 0, -114, -14, 2, 2, , 2020-08-29T11:01:14.876653
-81, 0, 0, -114, -14, 2, 2, , 2020-08-29T11:01:16.178728
-79, 0, 0, -105, -13, 2, 2, , 2020-08-29T11:01:17.550806
-79, 0, 0, -105, -13, 2, 2, , 2020-08-29T11:01:18.868882
-79, 0, 0, -105, -13, 2, 2, , 2020-08-29T11:01:20.203958
-79, 0, 0, -113, -13, 2, 4, , 2020-08-29T11:01:21.521033
-79, 0, 0, -113, -13, 2, 4, , 2020-08-29T11:01:22.874111
-76, 0, 0, -110, -14, 2, 0, , 2020-08-29T11:01:24.226188
-76, 0, 0, -110, -14, 2, 0, , 2020-08-29T11:01:25.568265
-76, 0, 0, -112, -13, 2, 1, , 2020-08-29T11:01:26.956344
-76, 0, 0, -112, -13, 2, 1, , 2020-08-29T11:01:28.271420
-81, 0, 0, -112, -14, 2, 4, , 2020-08-29T11:01:29.628497
-81, 0, 0, -112, -14, 2, 4, , 2020-08-29T11:01:30.972574
-81, 0, 0, -112, -14, 2, 4, , 2020-08-29T11:01:32.344653
-77, 0, 0, -112, -14, 2, 1, , 2020-08-29T11:01:33.689729
-77, 0, 0, -112, -14, 2, 1, , 2020-08-29T11:01:35.012805
-80, 0, 0, -112, -13, 2, 5, , 2020-08-29T11:01:36.384884
-80, 0, 0, -112, -13, 2, 5, , 2020-08-29T11:01:37.709959
-80, 0, 0, -113, -13, 2, 1, , 2020-08-29T11:01:39.056036
-80, 0, 0, -113, -13, 2, 1, , 2020-08-29T11:01:40.414114
-80, 0, 0, -108, -14, 2, 0, , 2020-08-29T11:01:41.750190
-80, 0, 0, -108, -14, 2, 0, , 2020-08-29T11:01:43.083267
-80, 0, 0, -108, -14, 2, 0, , 2020-08-29T11:01:44.457345
-80, 0, 0, -113, -14, 2, 2, , 2020-08-29T11:01:45.776421
-80, 0, 0, -113, -14, 2, 2, , 2020-08-29T11:01:47.105497
-80, 0, 0, -113, -13, 2, 2, , 2020-08-29T11:01:48.434573
-80, 0, 0, -113, -13, 2, 2, , 2020-08-29T11:01:49.788650
-78, 0, 0, -112, -13, 2, 3, , 2020-08-29T11:01:51.150728
-78, 0, 0, -112, -13, 2, 3, , 2020-08-29T11:01:52.512806
-80, 0, 0, -113, -12, 2, 1, , 2020-08-29T11:01:53.871884
-80, 0, 0, -113, -12, 2, 1, , 2020-08-29T11:01:55.210960
-80, 0, 0, -111, -12, 2, 4, , 2020-08-29T11:01:56.566038
-80, 0, 0, -111, -12, 2, 4, , 2020-08-29T11:01:57.949117
-80, 0, 0, -111, -12, 2, 4, , 2020-08-29T11:01:59.354197
-76, 0, 0, -108, -12, 2, 4, , 2020-08-29T11:02:00.752277
-76, 0, 0, -108, -12, 2, 4, , 2020-08-29T11:02:02.075353
-79, 0, 0, -105, -12, 2, 3, , 2020-08-29T11:02:03.410429
-79, 0, 0, -105, -12, 2, 3, , 2020-08-29T11:02:04.800509
-79, 0, 0, -113, -12, 2, 2, , 2020-08-29T11:02:06.125585
-79, 0, 0, -113, -12, 2, 2, , 2020-08-29T11:02:07.483662
-79, 0, 0, -112, -12, 2, 3, , 2020-08-29T11:02:08.793737
-79, 0, 0, -112, -12, 2, 3, , 2020-08-29T11:02:10.194817
-77, 0, 0, -113, -14, 2, 2, , 2020-08-29T11:02:11.531894
-77, 0, 0, -113, -14, 2, 2, , 2020-08-29T11:02:12.890972
-77, 0, 0, -113, -14, 2, 2, , 2020-08-29T11:02:14.228048
-77, 0, 0, -112, -12, 2, 3, , 2020-08-29T11:02:15.568125
-77, 0, 0, -112, -12, 2, 3, , 2020-08-29T11:02:16.908201
-77, 0, 0, -111, -12, 2, 3, , 2020-08-29T11:02:18.252278
-77, 0, 0, -111, -12, 2, 3, , 2020-08-29T11:02:19.569354
-77, 0, 0, -111, -13, 2, 3, , 2020-08-29T11:02:20.876428
-77, 0, 0, -111, -13, 2, 3, , 2020-08-29T11:02:22.249507
-80, 0, 0, -112, -13, 2, 3, , 2020-08-29T11:02:23.589584
-80, 0, 0, -112, -13, 2, 3, , 2020-08-29T11:02:24.929660
-80, 0, 0, -112, -13, 2, 3, , 2020-08-29T11:02:26.269737
-77, 0, 0, -107, -11, 2, 8, , 2020-08-29T11:02:27.588812
-77, 0, 0, -107, -11, 2, 8, , 2020-08-29T11:02:28.888887
-80, 0, 0, -112, -12, 2, 3, , 2020-08-29T11:02:30.242964
-80, 0, 0, -112, -12, 2, 3, , 2020-08-29T11:02:31.583041
-80, 0, 0, -113, -12, 2, 2, , 2020-08-29T11:02:32.886115
-80, 0, 0, -113, -12, 2, 2, , 2020-08-29T11:02:34.197190
-78, 0, 0, -112, -13, 2, 2, , 2020-08-29T11:02:35.564268
-78, 0, 0, -112, -13, 2, 2, , 2020-08-29T11:02:36.860343
-78, 0, 0, -112, -13, 2, 2, , 2020-08-29T11:02:38.195419
-78, 0, 0, -111, -12, 2, 3, , 2020-08-29T11:02:39.526495
-78, 0, 0, -111, -12, 2, 3, , 2020-08-29T11:02:40.848571
-78, 0, 0, -112, -13, 2, 2, , 2020-08-29T11:02:42.242650
-78, 0, 0, -112, -13, 2, 2, , 2020-08-29T11:02:43.570726
-80, 0, 0, -112, -12, 2, 3, , 2020-08-29T11:02:44.924804
-80, 0, 0, -112, -12, 2, 3, , 2020-08-29T11:02:46.246879
-80, 0, 0, -112, -13, 2, 2, , 2020-08-29T11:02:47.606957
-80, 0, 0, -112, -13, 2, 2, , 2020-08-29T11:02:48.943034
-80, 0, 0, -112, -13, 2, 2, , 2020-08-29T11:02:50.246108
-78, 0, 0, -112, -13, 2, 1, , 2020-08-29T11:02:51.587185
-78, 0, 0, -112, -13, 2, 1, , 2020-08-29T11:02:52.975264
-78, 0, 0, -112, -14, 2, 3, , 2020-08-29T11:02:54.290340
-78, 0, 0, -112, -14, 2, 3, , 2020-08-29T11:02:55.645417
-80, 0, 0, -113, -13, 2, 4, , 2020-08-29T11:02:57.006495
-80, 0, 0, -113, -13, 2, 4, , 2020-08-29T11:02:58.339571
-76, 0, 0, -111, -13, 2, 4, , 2020-08-29T11:02:59.686648
-76, 0, 0, -111, -13, 2, 4, , 2020-08-29T11:03:01.046726
-76, 0, 0, -111, -13, 2, 4, , 2020-08-29T11:03:02.385803
-79, 0, 0, -111, -14, 2, 4, , 2020-08-29T11:03:03.722879
-79, 0, 0, -111, -14, 2, 4, , 2020-08-29T11:03:05.208964
-79, 0, 0, -113, -13, 2, 1, , 2020-08-29T11:03:06.565042
-79, 0, 0, -113, -13, 2, 1, , 2020-08-29T11:03:07.885117
-76, 0, 0, -109, -12, 2, 6, , 2020-08-29T11:03:09.186192
-76, 0, 0, -109, -12, 2, 6, , 2020-08-29T11:03:10.563270
-79, 0, 0, -111, -12, 2, 4, , 2020-08-29T11:03:11.904347
-79, 0, 0, -111, -12, 2, 4, , 2020-08-29T11:03:13.228423
-77, 0, 0, -106, -12, 2, 3, , 2020-08-29T11:03:14.600501
-77, 0, 0, -106, -12, 2, 3, , 2020-08-29T11:03:15.927577
-77, 0, 0, -106, -12, 2, 3, , 2020-08-29T11:03:17.282655
-77, 0, 0, -111, -13, 2, 1, , 2020-08-29T11:03:18.700736
-77, 0, 0, -111, -13, 2, 1, , 2020-08-29T11:03:20.006810
-79, 0, 0, -113, -14, 2, 2, , 2020-08-29T11:03:21.342887
-79, 0, 0, -113, -14, 2, 2, , 2020-08-29T11:03:22.683964
-79, 0, 0, -113, -13, 2, 5, , 2020-08-29T11:03:24.022040
-79, 0, 0, -113, -13, 2, 5, , 2020-08-29T11:03:25.403119
-79, 0, 0, -111, -13, 2, 4, , 2020-08-29T11:03:26.697193
-79, 0, 0, -111, -13, 2, 4, , 2020-08-29T11:03:28.004268
-79, 0, 0, -111, -13, 2, 4, , 2020-08-29T11:03:29.392347
-77, 0, 0, -113, -13, 2, 1, , 2020-08-29T11:03:30.722423
-77, 0, 0, -113, -13, 2, 1, , 2020-08-29T11:03:32.047499
-77, 0, 0, -112, -13, 2, 2, , 2020-08-29T11:03:33.363574
-77, 0, 0, -112, -13, 2, 2, , 2020-08-29T11:03:34.681650
-81, 0, 0, -112, -12, 2, 5, , 2020-08-29T11:03:36.021726
-81, 0, 0, -112, -12, 2, 5, , 2020-08-29T11:03:37.349802
-78, 0, 0, -112, -13, 2, 1, , 2020-08-29T11:03:38.701880
-78, 0, 0, -112, -13, 2, 1, , 2020-08-29T11:03:40.041956
-78, 0, 0, -112, -13, 2, 1, , 2020-08-29T11:03:41.363032
-80, 0, 0, -112, -12, 2, 3, , 2020-08-29T11:03:42.727110
-80, 0, 0, -112, -12, 2, 3, , 2020-08-29T11:03:44.060186
-80, 0, 0, -113, -13, 2, 4, , 2020-08-29T11:03:45.384262
-80, 0, 0, -113, -13, 2, 4, , 2020-08-29T11:03:46.763341
-80, 0, 0, -105, -12, 2, 5, , 2020-08-29T11:03:48.083416
-80, 0, 0, -105, -12, 2, 5, , 2020-08-29T11:03:49.441494
-78, 0, 0, -113, -13, 2, 1, , 2020-08-29T11:03:50.780571
-78, 0, 0, -113, -13, 2, 1, , 2020-08-29T11:03:52.100646
-78, 0, 0, -113, -13, 2, 1, , 2020-08-29T11:03:53.438723
-80, 0, 0, -112, -13, 2, 4, , 2020-08-29T11:03:54.730797
-80, 0, 0, -112, -13, 2, 4, , 2020-08-29T11:03:56.065873
-78, 0, 0, -113, -13, 2, -1, , 2020-08-29T11:03:57.400949
-78, 0, 0, -113, -13, 2, -1, , 2020-08-29T11:03:58.778028
-78, 0, 0, -111, -12, 2, 3, , 2020-08-29T11:04:00.120105
-78, 0, 0, -111, -12, 2, 3, , 2020-08-29T11:04:01.465182
-76, 0, 0, -111, -12, 2, 5, , 2020-08-29T11:04:02.763256
-76, 0, 0, -111, -12, 2, 5, , 2020-08-29T11:04:04.103333
-76, 0, 0, -111, -12, 2, 5, , 2020-08-29T11:04:05.474411
-78, 0, 0, -112, -13, 2, 0, , 2020-08-29T11:04:06.782486
-78, 0, 0, -112, -13, 2, 0, , 2020-08-29T11:04:08.138563
-78, 0, 0, -106, -11, 2, 5, , 2020-08-29T11:04:09.530643
-78, 0, 0, -106, -11, 2, 5, , 2020-08-29T11:04:10.819717
-80, 0, 0, -112, -15, 2, 2, , 2020-08-29T11:04:12.157793
-80, 0, 0, -112, -15, 2, 2, , 2020-08-29T11:04:13.518871
-80, 0, 0, -112, -12, 2, 4, , 2020-08-29T11:04:14.838947
-80, 0, 0, -112, -12, 2, 4, , 2020-08-29T11:04:16.181023
-80, 0, 0, -113, -13, 2, 1, , 2020-08-29T11:04:17.537101
-80, 0, 0, -113, -13, 2, 1, , 2020-08-29T11:04:18.877178
-80, 0, 0, -113, -13, 2, 1, , 2020-08-29T11:04:20.227255
-78, 0, 0, -113, -14, 2, 2, , 2020-08-29T11:04:21.533330
-78, 0, 0, -113, -14, 2, 2, , 2020-08-29T11:04:22.877406
-81, 0, 0, -115, -14, 1, 1, , 2020-08-29T11:04:24.239484
-81, 0, 0, -115, -14, 1, 1, , 2020-08-29T11:04:25.569560
-81, 0, 0, -114, -13, 2, 2, , 2020-08-29T11:04:26.904637
-81, 0, 0, -114, -13, 2, 2, , 2020-08-29T11:04:28.238713
-81, 0, 0, -107, -11, 2, 5, , 2020-08-29T11:04:29.581790
-81, 0, 0, -107, -11, 2, 5, , 2020-08-29T11:04:30.916866
-81, 0, 0, -107, -11, 2, 5, , 2020-08-29T11:04:32.239942
-81, 0, 0, -115, -13, 1, 0, , 2020-08-29T11:04:33.578018
-81, 0, 0, -115, -13, 1, 0, , 2020-08-29T11:04:34.930096
-79, 0, 0, -114, -13, 2, 1, , 2020-08-29T11:04:36.293174
-79, 0, 0, -114, -13, 2, 1, , 2020-08-29T11:04:37.629250
-79, 0, 0, -113, -14, 2, 1, , 2020-08-29T11:04:38.949326
-79, 0, 0, -113, -14, 2, 1, , 2020-08-29T11:04:40.348406
-79, 0, 0, -114, -14, 2, 0, , 2020-08-29T11:04:41.651480
-79, 0, 0, -114, -14, 2, 0, , 2020-08-29T11:04:42.989557
-79, 0, 0, -114, -14, 2, 0, , 2020-08-29T11:04:44.308632
-79, 0, 0, -114, -13, 2, 0, , 2020-08-29T11:04:45.648709
-79, 0, 0, -114, -13, 2, 0, , 2020-08-29T11:04:47.005787
-81, 0, 0, -113, -13, 2, 2, , 2020-08-29T11:04:48.325862
-81, 0, 0, -113, -13, 2, 2, , 2020-08-29T11:04:49.629937
-81, 0, 0, -113, -13, 2, 2, , 2020-08-29T11:04:51.011016
-81, 0, 0, -113, -13, 2, 2, , 2020-08-29T11:04:52.347092
-81, 0, 0, -113, -12, 2, 3, , 2020-08-29T11:04:53.707170
-81, 0, 0, -113, -12, 2, 3, , 2020-08-29T11:04:55.048247
-81, 0, 0, -113, -12, 2, 3, , 2020-08-29T11:04:56.355321
-81, 0, 0, -113, -13, 2, 1, , 2020-08-29T11:04:57.687397
-81, 0, 0, -113, -13, 2, 1, , 2020-08-29T11:04:59.012473
-79, 0, 0, -112, -13, 2, 1, , 2020-08-29T11:05:00.328549
-79, 0, 0, -112, -13, 2, 1, , 2020-08-29T11:05:01.688626
-74, 0, 0, -110, -12, 2, 4, , 2020-08-29T11:05:03.007702
-74, 0, 0, -110, -12, 2, 4, , 2020-08-29T11:05:04.309776
-79, 0, 0, -111, -13, 2, 6, , 2020-08-29T11:05:05.681855
-79, 0, 0, -111, -13, 2, 6, , 2020-08-29T11:05:07.009931
-79, 0, 0, -111, -13, 2, 6, , 2020-08-29T11:05:08.334006
-77, 0, 0, -110, -13, 2, 3, , 2020-08-29T11:05:09.651082
-77, 0, 0, -110, -13, 2, 3, , 2020-08-29T11:05:10.975157
-82, 0, 0, -114, -13, 2, 2, , 2020-08-29T11:05:12.288233
-82, 0, 0, -114, -13, 2, 2, , 2020-08-29T11:05:13.591307
-77, 0, 0, -112, -13, 2, 3, , 2020-08-29T11:05:14.946385
-77, 0, 0, -112, -13, 2, 3, , 2020-08-29T11:05:16.459471
-77, 0, 0, -112, -13, 2, 3, , 2020-08-29T11:05:17.784547
-77, 0, 0, -112, -13, 2, 3, , 2020-08-29T11:05:19.106623
-77, 0, 0, -112, -13, 2, 3, , 2020-08-29T11:05:20.425698
-77, 0, 0, -111, -12, 2, 5, , 2020-08-29T11:05:21.784776
-77, 0, 0, -111, -12, 2, 5, , 2020-08-29T11:05:23.123852
-75, 0, 0, -110, -13, 2, 4, , 2020-08-29T11:05:24.463929
-75, 0, 0, -110, -13, 2, 4, , 2020-08-29T11:05:25.802006
-79, 0, 0, -112, -12, 2, 3, , 2020-08-29T11:05:27.126081
-79, 0, 0, -112, -12, 2, 3, , 2020-08-29T11:05:28.447157
-81, 0, 0, -112, -13, 2, 5, , 2020-08-29T11:05:29.791234
-81, 0, 0, -112, -13, 2, 5, , 2020-08-29T11:05:31.143311
-81, 0, 0, -112, -13, 2, 2, , 2020-08-29T11:05:32.741402
-81, 0, 0, -112, -13, 2, 2, , 2020-08-29T11:05:34.087479
-81, 0, 0, -112, -13, 2, 2, , 2020-08-29T11:05:35.408555
-78, 0, 0, -112, -13, 2, 3, , 2020-08-29T11:05:36.782634
-78, 0, 0, -112, -13, 2, 3, , 2020-08-29T11:05:38.121710
-80, 0, 0, -112, -13, 2, 5, , 2020-08-29T11:05:39.447786
-80, 0, 0, -112, -13, 2, 5, , 2020-08-29T11:05:40.845866
-80, 0, 0, -112, -12, 2, 3, , 2020-08-29T11:05:42.173942
-80, 0, 0, -112, -12, 2, 3, , 2020-08-29T11:05:43.510018
-80, 0, 0, -110, -13, 2, 5, , 2020-08-29T11:05:44.866096
-80, 0, 0, -110, -13, 2, 5, , 2020-08-29T11:05:46.205173
-80, 0, 0, -113, -12, 2, 1, , 2020-08-29T11:05:47.513247
-80, 0, 0, -113, -12, 2, 1, , 2020-08-29T11:05:48.865325
-80, 0, 0, -113, -12, 2, 1, , 2020-08-29T11:05:50.197401
-75, 0, 0, -109, -12, 2, 6, , 2020-08-29T11:05:51.529477
-75, 0, 0, -109, -12, 2, 6, , 2020-08-29T11:05:52.885555
-75, 0, 0, -109, -11, 2, 0, , 2020-08-29T11:05:54.222631
-75, 0, 0, -109, -11, 2, 0, , 2020-08-29T11:05:55.544707
-80, 0, 0, -113, -12, 2, 2, , 2020-08-29T11:05:56.903784
-80, 0, 0, -113, -12, 2, 2, , 2020-08-29T11:05:58.225860
-80, 0, 0, -113, -12, 2, 2, , 2020-08-29T11:05:59.540935
-80, 0, 0, -113, -12, 2, 2, , 2020-08-29T11:06:00.902013
-80, 0, 0, -113, -12, 2, 2, , 2020-08-29T11:06:02.242090
-77, 0, 0, -109, -13, 2, 7, , 2020-08-29T11:06:03.565165
-77, 0, 0, -109, -13, 2, 7, , 2020-08-29T11:06:04.926243
-77, 0, 0, -112, -13, 2, 2, , 2020-08-29T11:06:06.242319
-77, 0, 0, -112, -13, 2, 2, , 2020-08-29T11:06:07.649399
-77, 0, 0, -112, -13, 2, 2, , 2020-08-29T11:06:08.970475
-77, 0, 0, -112, -13, 2, 2, , 2020-08-29T11:06:10.268549
-77, 0, 0, -112, -13, 2, 2, , 2020-08-29T11:06:11.621626
-77, 0, 0, -112, -13, 2, 2, , 2020-08-29T11:06:12.974704
-77, 0, 0, -112, -13, 2, 2, , 2020-08-29T11:06:14.510792
-77, 0, 0, -112, -14, 2, 4, , 2020-08-29T11:06:15.859869
-77, 0, 0, -112, -14, 2, 4, , 2020-08-29T11:06:17.206946
-79, 0, 0, -112, -14, 2, 3, , 2020-08-29T11:06:18.610026
-79, 0, 0, -112, -14, 2, 3, , 2020-08-29T11:06:19.940102
-81, 0, 0, -113, -14, 2, 2, , 2020-08-29T11:06:21.239176
-81, 0, 0, -113, -14, 2, 2, , 2020-08-29T11:06:22.581253
-81, 0, 0, -114, -12, 2, 0, , 2020-08-29T11:06:23.919330
-81, 0, 0, -114, -12, 2, 0, , 2020-08-29T11:06:25.223404
-81, 0, 0, -111, -12, 2, 3, , 2020-08-29T11:06:26.545480
-81, 0, 0, -111, -12, 2, 3, , 2020-08-29T11:06:27.846554
-81, 0, 0, -111, -12, 2, 3, , 2020-08-29T11:06:29.179631
-78, 0, 0, -113, -14, 2, 1, , 2020-08-29T11:06:30.511707
-78, 0, 0, -113, -14, 2, 1, , 2020-08-29T11:06:31.861784
-78, 0, 0, -111, -14, 2, 4, , 2020-08-29T11:06:33.180859
-78, 0, 0, -111, -14, 2, 4, , 2020-08-29T11:06:34.500935
-74, 0, 0, -108, -12, 2, 6, , 2020-08-29T11:06:35.844012
-74, 0, 0, -108, -12, 2, 6, , 2020-08-29T11:06:37.198089
-74, 0, 0, -108, -12, 2, 6, , 2020-08-29T11:06:38.523165
-81, 0, 0, -111, -12, 2, 5, , 2020-08-29T11:06:39.900244
-81, 0, 0, -111, -12, 2, 5, , 2020-08-29T11:06:41.247321
-81, 0, 0, -112, -13, 2, 2, , 2020-08-29T11:06:42.583397
-81, 0, 0, -112, -13, 2, 2, , 2020-08-29T11:06:43.897472
-81, 0, 0, -111, -12, 2, 6, , 2020-08-29T11:06:45.261550
-81, 0, 0, -111, -12, 2, 6, , 2020-08-29T11:06:46.633629
-79, 0, 0, -112, -13, 2, 2, , 2020-08-29T11:06:47.979706
-79, 0, 0, -112, -13, 2, 2, , 2020-08-29T11:06:49.338784
-77, 0, 0, -112, -12, 2, 2, , 2020-08-29T11:06:50.723863
-77, 0, 0, -112, -12, 2, 2, , 2020-08-29T11:06:52.065940
-77, 0, 0, -112, -12, 2, 2, , 2020-08-29T11:06:53.382015
-81, 0, 0, -113, -12, 2, 2, , 2020-08-29T11:06:54.683089
-81, 0, 0, -113, -12, 2, 2, , 2020-08-29T11:06:56.079169
-79, 0, 0, -110, -12, 2, 5, , 2020-08-29T11:06:57.418246
-79, 0, 0, -110, -12, 2, 5, , 2020-08-29T11:06:58.772323
-79, 0, 0, -111, -11, 2, 4, , 2020-08-29T11:07:00.168403
-79, 0, 0, -111, -11, 2, 4, , 2020-08-29T11:07:01.498479
-79, 0, 0, -110, -13, 2, 5, , 2020-08-29T11:07:02.836556
-79, 0, 0, -110, -13, 2, 5, , 2020-08-29T11:07:04.143630
-79, 0, 0, -110, -13, 2, 5, , 2020-08-29T11:07:05.503708
-81, 0, 0, -113, -12, 2, 3, , 2020-08-29T11:07:06.895788
-81, 0, 0, -113, -12, 2, 3, , 2020-08-29T11:07:08.200862
-83, 0, 0, -113, -13, 2, 3, , 2020-08-29T11:07:09.529938
-83, 0, 0, -113, -13, 2, 3, , 2020-08-29T11:07:10.913018
-75, 0, 0, -109, -12, 2, 7, , 2020-08-29T11:07:12.396102
-75, 0, 0, -109, -12, 2, 7, , 2020-08-29T11:07:13.718178
-80, 0, 0, -112, -13, 2, 3, , 2020-08-29T11:07:15.061255
-80, 0, 0, -112, -13, 2, 3, , 2020-08-29T11:07:16.417332
-80, 0, 0, -113, -14, 2, 3, , 2020-08-29T11:07:17.736408
-80, 0, 0, -113, -14, 2, 3, , 2020-08-29T11:07:19.062484
-80, 0, 0, -113, -14, 2, 3, , 2020-08-29T11:07:20.381559
-80, 0, 0, -113, -13, 2, 3, , 2020-08-29T11:07:21.700635
-80, 0, 0, -113, -13, 2, 3, , 2020-08-29T11:07:23.023710
-80, 0, 0, -113, -14, 2, 0, , 2020-08-29T11:07:24.448792
-80, 0, 0, -113, -14, 2, 0, , 2020-08-29T11:07:25.800869
-80, 0, 0, -113, -14, 2, 2, , 2020-08-29T11:07:27.118944
-80, 0, 0, -113, -14, 2, 2, , 2020-08-29T11:07:28.436020
-78, 0, 0, -113, -14, 2, 3, , 2020-08-29T11:07:29.757095
-78, 0, 0, -113, -14, 2, 3, , 2020-08-29T11:07:31.100172
-78, 0, 0, -113, -14, 2, 3, , 2020-08-29T11:07:32.419248
-78, 0, 0, -114, -13, 2, 1, , 2020-08-29T11:07:33.759324
-78, 0, 0, -114, -13, 2, 1, , 2020-08-29T11:07:35.079400
-80, 0, 0, -111, -13, 2, 5, , 2020-08-29T11:07:36.416476
-80, 0, 0, -111, -13, 2, 5, , 2020-08-29T11:07:37.741552
-78, 0, 0, -112, -13, 2, 4, , 2020-08-29T11:07:39.073628
-78, 0, 0, -112, -13, 2, 4, , 2020-08-29T11:07:40.380703
-78, 0, 0, -111, -14, 2, 4, , 2020-08-29T11:07:41.722780
-78, 0, 0, -111, -14, 2, 4, , 2020-08-29T11:07:43.054856
-78, 0, 0, -111, -14, 2, 4, , 2020-08-29T11:07:44.415934
-80, 0, 0, -112, -13, 2, 4, , 2020-08-29T11:07:45.742010
-80, 0, 0, -112, -13, 2, 4, , 2020-08-29T11:07:47.116088
-80, 0, 0, -111, -13, 2, 3, , 2020-08-29T11:07:48.457165
-80, 0, 0, -111, -13, 2, 3, , 2020-08-29T11:07:49.796242
-80, 0, 0, -113, -13, 2, 3, , 2020-08-29T11:07:51.143319
-80, 0, 0, -113, -13, 2, 3, , 2020-08-29T11:07:52.475395
-77, 0, 0, -112, -13, 2, 1, , 2020-08-29T11:07:53.812471
-77, 0, 0, -112, -13, 2, 1, , 2020-08-29T11:07:55.136547
-77, 0, 0, -112, -13, 2, 1, , 2020-08-29T11:07:56.474623
-77, 0, 0, -111, -13, 2, 4, , 2020-08-29T11:07:57.797699
-77, 0, 0, -111, -13, 2, 4, , 2020-08-29T11:07:59.141776
-79, 0, 0, -112, -13, 2, 1, , 2020-08-29T11:08:00.454851
-79, 0, 0, -112, -13, 2, 1, , 2020-08-29T11:08:01.784927
-81, 0, 0, -112, -12, 2, 3, , 2020-08-29T11:08:03.132004
-81, 0, 0, -112, -12, 2, 3, , 2020-08-29T11:08:04.471081
-81, 0, 0, -111, -13, 2, 2, , 2020-08-29T11:08:05.761155
-81, 0, 0, -111, -13, 2, 2, , 2020-08-29T11:08:07.097231
-81, 0, 0, -111, -13, 2, 2, , 2020-08-29T11:08:08.454309
-81, 0, 0, -113, -12, 2, 3, , 2020-08-29T11:08:09.795385
-81, 0, 0, -113, -12, 2, 3, , 2020-08-29T11:08:11.097460
-75, 0, 0, -110, -12, 2, 3, , 2020-08-29T11:08:12.444537
-75, 0, 0, -110, -12, 2, 3, , 2020-08-29T11:08:13.799614
-80, 0, 0, -111, -12, 2, 4, , 2020-08-29T11:08:15.112690
-80, 0, 0, -111, -12, 2, 4, , 2020-08-29T11:08:16.439765
-77, 0, 0, -111, -13, 2, 3, , 2020-08-29T11:08:17.774842
-77, 0, 0, -111, -13, 2, 3, , 2020-08-29T11:08:19.094917
-77, 0, 0, -111, -13, 2, 3, , 2020-08-29T11:08:20.417993
-80, 0, 0, -112, -12, 2, 2, , 2020-08-29T11:08:21.738068
-80, 0, 0, -112, -12, 2, 2, , 2020-08-29T11:08:23.095146
-80, 0, 0, -114, -13, 2, 5, , 2020-08-29T11:08:24.426222
-80, 0, 0, -114, -13, 2, 5, , 2020-08-29T11:08:25.739297
-80, 0, 0, -112, -12, 2, 4, , 2020-08-29T11:08:27.158379
-80, 0, 0, -112, -12, 2, 4, , 2020-08-29T11:08:28.474454
-80, 0, 0, -114, -12, 2, 1, , 2020-08-29T11:08:29.794529
-80, 0, 0, -114, -12, 2, 1, , 2020-08-29T11:08:31.136606
-80, 0, 0, -114, -12, 2, 1, , 2020-08-29T11:08:32.464682
-80, 0, 0, -111, -13, 2, 2, , 2020-08-29T11:08:33.857762
-80, 0, 0, -111, -13, 2, 2, , 2020-08-29T11:08:35.174837
-80, 0, 0, -112, -12, 2, 5, , 2020-08-29T11:08:36.535915
-80, 0, 0, -112, -12, 2, 5, , 2020-08-29T11:08:37.917994
-80, 0, 0, -113, -14, 2, 2, , 2020-08-29T11:08:39.254070
-80, 0, 0, -113, -14, 2, 2, , 2020-08-29T11:08:40.653150
-78, 0, 0, -112, -14, 2, 3, , 2020-08-29T11:08:41.978226
-78, 0, 0, -112, -14, 2, 3, , 2020-08-29T11:08:43.314303
-81, 0, 0, -113, -14, 2, 3, , 2020-08-29T11:08:44.692381
-81, 0, 0, -113, -14, 2, 3, , 2020-08-29T11:08:46.014457
-81, 0, 0, -113, -14, 2, 3, , 2020-08-29T11:08:47.369535
-81, 0, 0, -114, -13, 2, 1, , 2020-08-29T11:08:48.713611
-81, 0, 0, -114, -13, 2, 1, , 2020-08-29T11:08:50.110691
-78, 0, 0, -113, -13, 2, 3, , 2020-08-29T11:08:51.452768
-78, 0, 0, -113, -13, 2, 3, , 2020-08-29T11:08:52.773844
-78, 0, 0, -114, -14, 2, 0, , 2020-08-29T11:08:54.096919
-78, 0, 0, -114, -14, 2, 0, , 2020-08-29T11:08:55.451997
-81, 0, 0, -112, -13, 2, 3, , 2020-08-29T11:08:56.763072
-81, 0, 0, -112, -13, 2, 3, , 2020-08-29T11:08:58.074147
-81, 0, 0, -112, -13, 2, 3, , 2020-08-29T11:08:59.391222
-79, 0, 0, -113, -13, 2, 2, , 2020-08-29T11:09:00.716298
-79, 0, 0, -113, -13, 2, 2, , 2020-08-29T11:09:02.093377
-79, 0, 0, -110, -13, 2, 6, , 2020-08-29T11:09:03.432453
-79, 0, 0, -110, -13, 2, 6, , 2020-08-29T11:09:04.758529
-79, 0, 0, -110, -12, 2, 5, , 2020-08-29T11:09:06.091605
-79, 0, 0, -110, -12, 2, 5, , 2020-08-29T11:09:07.417681
-79, 0, 0, -111, -12, 2, 5, , 2020-08-29T11:09:08.730756
-79, 0, 0, -111, -12, 2, 5, , 2020-08-29T11:09:10.082834
-79, 0, 0, -111, -12, 2, 5, , 2020-08-29T11:09:11.449912
-81, 0, 0, -112, -12, 2, 6, , 2020-08-29T11:09:12.775988
-81, 0, 0, -112, -12, 2, 6, , 2020-08-29T11:09:14.090063
-77, 0, 0, -111, -14, 2, 4, , 2020-08-29T11:09:15.434140
-77, 0, 0, -111, -14, 2, 4, , 2020-08-29T11:09:16.752215
-77, 0, 0, -113, -14, 2, 1, , 2020-08-29T11:09:18.073291
-77, 0, 0, -113, -14, 2, 1, , 2020-08-29T11:09:19.432368
-79, 0, 0, -111, -13, 2, 5, , 2020-08-29T11:09:20.752444
-79, 0, 0, -111, -13, 2, 5, , 2020-08-29T11:09:22.072519
-79, 0, 0, -111, -13, 2, 5, , 2020-08-29T11:09:23.409596
-79, 0, 0, -112, -13, 2, 3, , 2020-08-29T11:09:24.770674
-79, 0, 0, -112, -13, 2, 3, , 2020-08-29T11:09:26.108750
-82, 0, 0, -115, -12, 1, 2, , 2020-08-29T11:09:27.430826
-82, 0, 0, -115, -12, 1, 2, , 2020-08-29T11:09:28.771903
-79, 0, 0, -110, -13, 2, 4, , 2020-08-29T11:09:30.108979
-79, 0, 0, -110, -13, 2, 4, , 2020-08-29T11:09:31.435055
-77, 0, 0, -111, -13, 2, 4, , 2020-08-29T11:09:32.788132
-77, 0, 0, -111, -13, 2, 4, , 2020-08-29T11:09:34.144210
-77, 0, 0, -111, -13, 2, 4, , 2020-08-29T11:09:35.491287
-77, 0, 0, -113, -15, 2, 2, , 2020-08-29T11:09:36.822363
-77, 0, 0, -113, -15, 2, 2, , 2020-08-29T11:09:38.145439
-80, 0, 0, -112, -13, 2, 3, , 2020-08-29T11:09:39.459514
-80, 0, 0, -112, -13, 2, 3, , 2020-08-29T11:09:40.788590
-78, 0, 0, -113, -13, 2, 2, , 2020-08-29T11:09:42.150668
-78, 0, 0, -113, -13, 2, 2, , 2020-08-29T11:09:43.474744
-78, 0, 0, -111, -13, 2, 2, , 2020-08-29T11:09:44.853822
-78, 0, 0, -111, -13, 2, 2, , 2020-08-29T11:09:46.196899
-78, 0, 0, -111, -13, 2, 2, , 2020-08-29T11:09:47.537976
-78, 0, 0, -111, -14, 2, 4, , 2020-08-29T11:09:48.868052
-78, 0, 0, -111, -14, 2, 4, , 2020-08-29T11:09:50.228130
-78, 0, 0, -111, -14, 2, 0, , 2020-08-29T11:09:51.569207
-78, 0, 0, -111, -14, 2, 0, , 2020-08-29T11:09:52.871281
-78, 0, 0, -112, -14, 2, 5, , 2020-08-29T11:09:54.207357
-78, 0, 0, -112, -14, 2, 5, , 2020-08-29T11:09:55.567435
-78, 0, 0, -111, -12, 2, 2, , 2020-08-29T11:09:56.890511
-78, 0, 0, -111, -12, 2, 2, , 2020-08-29T11:09:58.208586
-78, 0, 0, -111, -12, 2, 2, , 2020-08-29T11:09:59.540662
-78, 0, 0, -113, -14, 2, 4, , 2020-08-29T11:10:00.887740
-78, 0, 0, -113, -14, 2, 4, , 2020-08-29T11:10:02.222816
-81, 0, 0, -113, -12, 2, 3, , 2020-08-29T11:10:03.562893
-81, 0, 0, -113, -12, 2, 3, , 2020-08-29T11:10:05.000975
-77, 0, 0, -112, -12, 2, 2, , 2020-08-29T11:10:06.348052
-77, 0, 0, -112, -12, 2, 2, , 2020-08-29T11:10:07.704129
-81, 0, 0, -114, -12, 2, 3, , 2020-08-29T11:10:09.038206
-81, 0, 0, -114, -12, 2, 3, , 2020-08-29T11:10:10.367282
-78, 0, 0, -113, -13, 2, 4, , 2020-08-29T11:10:11.728360
-78, 0, 0, -113, -13, 2, 4, , 2020-08-29T11:10:13.083437
-78, 0, 0, -113, -13, 2, 4, , 2020-08-29T11:10:14.445515
-78, 0, 0, -112, -12, 2, 4, , 2020-08-29T11:10:15.848595
-78, 0, 0, -112, -12, 2, 4, , 2020-08-29T11:10:17.223674
-78, 0, 0, -111, -13, 2, 5, , 2020-08-29T11:10:18.544749
-78, 0, 0, -111, -13, 2, 5, , 2020-08-29T11:10:19.871825
-80, 0, 0, -112, -12, 2, 5, , 2020-08-29T11:10:21.228903
-80, 0, 0, -112, -12, 2, 5, , 2020-08-29T11:10:22.549979
-80, 0, 0, -111, -12, 2, 6, , 2020-08-29T11:10:23.876054
-80, 0, 0, -111, -12, 2, 6, , 2020-08-29T11:10:25.266134
-80, 0, 0, -112, -12, 2, 3, , 2020-08-29T11:10:26.588210
-80, 0, 0, -112, -12, 2, 3, , 2020-08-29T11:10:27.915285
-80, 0, 0, -112, -12, 2, 3, , 2020-08-29T11:10:29.268363
-80, 0, 0, -112, -13, 2, 3, , 2020-08-29T11:10:30.648442
-80, 0, 0, -112, -13, 2, 3, , 2020-08-29T11:10:31.988518
-80, 0, 0, -110, -12, 2, 5, , 2020-08-29T11:10:33.306594
-80, 0, 0, -110, -12, 2, 5, , 2020-08-29T11:10:34.623669
-80, 0, 0, -111, -12, 2, 4, , 2020-08-29T11:10:35.962746
-80, 0, 0, -111, -12, 2, 4, , 2020-08-29T11:10:37.346825
-78, 0, 0, -110, -12, 2, 5, , 2020-08-29T11:10:38.725904
-78, 0, 0, -110, -12, 2, 5, , 2020-08-29T11:10:40.028978
-78, 0, 0, -110, -12, 2, 5, , 2020-08-29T11:10:41.364055
-78, 0, 0, -112, -12, 2, 4, , 2020-08-29T11:10:42.689130
-78, 0, 0, -112, -12, 2, 4, , 2020-08-29T11:10:44.058209
-78, 0, 0, -112, -13, 2, 2, , 2020-08-29T11:10:45.366284
-78, 0, 0, -112, -13, 2, 2, , 2020-08-29T11:10:46.673358
-78, 0, 0, -111, -12, 2, 4, , 2020-08-29T11:10:48.042437
-78, 0, 0, -111, -12, 2, 4, , 2020-08-29T11:10:49.367512
-78, 0, 0, -112, -14, 2, 1, , 2020-08-29T11:10:50.706589
-78, 0, 0, -112, -14, 2, 1, , 2020-08-29T11:10:52.047666
-78, 0, 0, -112, -14, 2, 1, , 2020-08-29T11:10:53.369741
-78, 0, 0, -106, -11, 2, 3, , 2020-08-29T11:10:54.704818
-78, 0, 0, -106, -11, 2, 3, , 2020-08-29T11:10:56.041894
-78, 0, 0, -114, -14, 2, 0, , 2020-08-29T11:10:57.385971
-78, 0, 0, -114, -14, 2, 0, , 2020-08-29T11:10:58.762050
-80, 0, 0, -111, -12, 2, 4, , 2020-08-29T11:11:00.103126
-80, 0, 0, -111, -12, 2, 4, , 2020-08-29T11:11:01.446203
-75, 0, 0, -110, -14, 2, 6, , 2020-08-29T11:11:02.801281
-75, 0, 0, -110, -14, 2, 6, , 2020-08-29T11:11:04.123356
-75, 0, 0, -110, -14, 2, 6, , 2020-08-29T11:11:05.466433
-80, 0, 0, -113, -13, 2, 2, , 2020-08-29T11:11:06.806510
-80, 0, 0, -113, -13, 2, 2, , 2020-08-29T11:11:08.123585
-77, 0, 0, -112, -14, 2, 1, , 2020-08-29T11:11:09.443661
-77, 0, 0, -112, -14, 2, 1, , 2020-08-29T11:11:10.765736
-77, 0, 0, -111, -13, 2, 3, , 2020-08-29T11:11:12.084812
-77, 0, 0, -111, -13, 2, 3, , 2020-08-29T11:11:13.408887
-77, 0, 0, -111, -13, 2, 5, , 2020-08-29T11:11:14.743964
-77, 0, 0, -111, -13, 2, 5, , 2020-08-29T11:11:16.073040
-77, 0, 0, -111, -13, 2, 5, , 2020-08-29T11:11:17.410116
-80, 0, 0, -114, -13, 2, 1, , 2020-08-29T11:11:18.726192
-80, 0, 0, -114, -13, 2, 1, , 2020-08-29T11:11:20.065268
-80, 0, 0, -112, -14, 2, 5, , 2020-08-29T11:11:21.405345
-80, 0, 0, -112, -14, 2, 5, , 2020-08-29T11:11:22.722420
-78, 0, 0, -112, -13, 2, 5, , 2020-08-29T11:11:24.067497
-78, 0, 0, -112, -13, 2, 5, , 2020-08-29T11:11:25.410574
-78, 0, 0, -111, -13, 2, 6, , 2020-08-29T11:11:26.747650
-78, 0, 0, -111, -13, 2, 6, , 2020-08-29T11:11:28.098728
-78, 0, 0, -111, -13, 2, 6, , 2020-08-29T11:11:29.407803
-78, 0, 0, -110, -13, 2, 5, , 2020-08-29T11:11:30.722878
-78, 0, 0, -110, -13, 2, 5, , 2020-08-29T11:11:32.062954
-78, 0, 0, -111, -14, 2, 4, , 2020-08-29T11:11:33.383030
-78, 0, 0, -111, -14, 2, 4, , 2020-08-29T11:11:34.724107
-78, 0, 0, -112, -15, 2, 2, , 2020-08-29T11:11:36.064183
-78, 0, 0, -112, -15, 2, 2, , 2020-08-29T11:11:37.422261
-82, 0, 0, -117, -13, 1, 0, , 2020-08-29T11:11:38.779339
-82, 0, 0, -117, -13, 1, 0, , 2020-08-29T11:11:40.123415
-82, 0, 0, -117, -13, 1, 0, , 2020-08-29T11:11:41.483493
-78, 0, 0, -112, -14, 2, 5, , 2020-08-29T11:11:42.842571
-78, 0, 0, -112, -14, 2, 5, , 2020-08-29T11:11:44.169647
-78, 0, 0, -112, -14, 2, 1, , 2020-08-29T11:11:45.521724
-78, 0, 0, -112, -14, 2, 1, , 2020-08-29T11:11:46.839800
-78, 0, 0, -114, -14, 2, 2, , 2020-08-29T11:11:48.180876
-78, 0, 0, -114, -14, 2, 2, , 2020-08-29T11:11:49.500952
-78, 0, 0, -114, -14, 2, 2, , 2020-08-29T11:11:50.861030
-78, 0, 0, -114, -14, 2, 2, , 2020-08-29T11:11:52.219107
-78, 0, 0, -114, -14, 2, 2, , 2020-08-29T11:11:53.551184
-80, 0, 0, -114, -14, 2, 0, , 2020-08-29T11:11:54.904261
-80, 0, 0, -114, -14, 2, 0, , 2020-08-29T11:11:56.221336
-80, 0, 0, -113, -13, 2, 1, , 2020-08-29T11:11:57.559413
-80, 0, 0, -113, -13, 2, 1, , 2020-08-29T11:11:58.950492
-77, 0, 0, -111, -14, 2, 4, , 2020-08-29T11:12:00.293569
-77, 0, 0, -111, -14, 2, 4, , 2020-08-29T11:12:01.624645
-79, 0, 0, -112, -12, 2, 6, , 2020-08-29T11:12:02.969722
-79, 0, 0, -112, -12, 2, 6, , 2020-08-29T11:12:04.303799
-79, 0, 0, -112, -13, 2, 3, , 2020-08-29T11:12:05.637875
-79, 0, 0, -112, -13, 2, 3, , 2020-08-29T11:12:06.961951
-79, 0, 0, -112, -13, 2, 3, , 2020-08-29T11:12:08.278026
-79, 0, 0, -113, -12, 2, 3, , 2020-08-29T11:12:09.609102
-79, 0, 0, -113, -12, 2, 3, , 2020-08-29T11:12:10.959179
-81, 0, 0, -105, -13, 2, 5, , 2020-08-29T11:12:12.272254
-81, 0, 0, -105, -13, 2, 5, , 2020-08-29T11:12:13.618331
-78, 0, 0, -111, -14, 2, 3, , 2020-08-29T11:12:14.937407
-78, 0, 0, -111, -14, 2, 3, , 2020-08-29T11:12:16.241481
-78, 0, 0, -112, -14, 2, 5, , 2020-08-29T11:12:17.569557
-80, 0, 0, -112, -14, 2, 5, , 2020-08-29T11:12:18.923635
-80, 0, 0, -112, -14, 2, 5, , 2020-08-29T11:12:20.277712
-75, 0, 0, -110, -13, 2, 1, , 2020-08-29T11:12:21.613789
-75, 0, 0, -110, -13, 2, 1, , 2020-08-29T11:12:22.937864
-79, 0, 0, -106, -12, 2, 2, , 2020-08-29T11:12:24.274941
-79, 0, 0, -106, -12, 2, 2, , 2020-08-29T11:12:25.654020
-79, 0, 0, -113, -14, 2, 0, , 2020-08-29T11:12:27.002097
-79, 0, 0, -113, -14, 2, 0, , 2020-08-29T11:12:28.314172
-77, 0, 0, -112, -13, 2, 2, , 2020-08-29T11:12:29.905263
-77, 0, 0, -112, -13, 2, 2, , 2020-08-29T11:12:31.253340
-79, 0, 0, -113, -14, 2, 3, , 2020-08-29T11:12:32.615418
-79, 0, 0, -113, -14, 2, 3, , 2020-08-29T11:12:33.955494
-79, 0, 0, -113, -14, 2, 3, , 2020-08-29T11:12:35.314572
-79, 0, 0, -112, -13, 2, 5, , 2020-08-29T11:12:36.660649
-79, 0, 0, -112, -13, 2, 5, , 2020-08-29T11:12:37.997726
-76, 0, 0, -109, -13, 2, 3, , 2020-08-29T11:12:39.356803
-76, 0, 0, -109, -13, 2, 3, , 2020-08-29T11:12:40.795886
-79, 0, 0, -113, -15, 2, 3, , 2020-08-29T11:12:42.115961
-79, 0, 0, -113, -15, 2, 3, , 2020-08-29T11:12:43.477039
-79, 0, 0, -114, -13, 2, 2, , 2020-08-29T11:12:44.799115
-79, 0, 0, -114, -13, 2, 2, , 2020-08-29T11:12:46.138191
-79, 0, 0, -114, -13, 2, 2, , 2020-08-29T11:12:47.502269
-79, 0, 0, -113, -13, 2, 5, , 2020-08-29T11:12:48.840346
-79, 0, 0, -113, -13, 2, 5, , 2020-08-29T11:12:50.154421
-81, 0, 0, -113, -12, 2, 5, , 2020-08-29T11:12:51.514499
-81, 0, 0, -113, -12, 2, 5, , 2020-08-29T11:12:52.855576
-81, 0, 0, -113, -13, 2, 1, , 2020-08-29T11:12:54.158650
-81, 0, 0, -113, -13, 2, 1, , 2020-08-29T11:12:55.520728
-81, 0, 0, -113, -13, 2, 1, , 2020-08-29T11:12:56.839803
-81, 0, 0, -113, -13, 2, 1, , 2020-08-29T11:12:58.194881
-81, 0, 0, -113, -13, 2, 1, , 2020-08-29T11:12:59.517957
-76, 0, 0, -110, -13, 2, 1, , 2020-08-29T11:13:00.845032
-76, 0, 0, -110, -13, 2, 1, , 2020-08-29T11:13:02.182109
-78, 0, 0, -112, -14, 2, 2, , 2020-08-29T11:13:03.524186
-78, 0, 0, -112, -14, 2, 2, , 2020-08-29T11:13:04.844261
-76, 0, 0, -111, -13, 2, 3, , 2020-08-29T11:13:06.171337
-76, 0, 0, -111, -13, 2, 3, , 2020-08-29T11:13:07.504413
-81, 0, 0, -113, -15, 2, 1, , 2020-08-29T11:13:08.850490
-81, 0, 0, -113, -15, 2, 1, , 2020-08-29T11:13:10.236570
-81, 0, 0, -113, -15, 2, 1, , 2020-08-29T11:13:11.564646
-79, 0, 0, -113, -13, 2, 1, , 2020-08-29T11:13:12.907722
-79, 0, 0, -113, -13, 2, 1, , 2020-08-29T11:13:14.246799
-79, 0, 0, -113, -14, 2, 0, , 2020-08-29T11:13:15.581875
-79, 0, 0, -113, -14, 2, 0, , 2020-08-29T11:13:16.903951
-79, 0, 0, -114, -14, 2, 1, , 2020-08-29T11:13:18.244028
-79, 0, 0, -114, -14, 2, 1, , 2020-08-29T11:13:19.563103
-79, 0, 0, -114, -15, 2, 1, , 2020-08-29T11:13:20.902180
-79, 0, 0, -114, -15, 2, 1, , 2020-08-29T11:13:22.229256
-79, 0, 0, -114, -15, 2, 1, , 2020-08-29T11:13:23.564332
-77, 0, 0, -106, -13, 2, 2, , 2020-08-29T11:13:24.884407
-77, 0, 0, -106, -13, 2, 2, , 2020-08-29T11:13:26.222484
-79, 0, 0, -113, -13, 2, 0, , 2020-08-29T11:13:27.560561
-79, 0, 0, -113, -13, 2, 0, , 2020-08-29T11:13:28.884636
-82, 0, 0, -115, -13, 1, 1, , 2020-08-29T11:13:30.224713
-82, 0, 0, -115, -13, 1, 1, , 2020-08-29T11:13:31.615792
-78, 0, 0, -114, -14, 2, -1, , 2020-08-29T11:13:32.943868
-78, 0, 0, -114, -14, 2, -1, , 2020-08-29T11:13:34.265944
-78, 0, 0, -114, -14, 2, -1, , 2020-08-29T11:13:35.603021
-81, 0, 0, -112, -12, 2, 3, , 2020-08-29T11:13:36.924096
-81, 0, 0, -112, -12, 2, 3, , 2020-08-29T11:13:38.261173
-76, 0, 0, -111, -14, 2, 4, , 2020-08-29T11:13:39.584248
-76, 0, 0, -111, -14, 2, 4, , 2020-08-29T11:13:40.904324
-81, 0, 0, -112, -13, 2, 4, , 2020-08-29T11:13:42.215399
-81, 0, 0, -112, -13, 2, 4, , 2020-08-29T11:13:43.568476
-79, 0, 0, -114, -13, 2, -1, , 2020-08-29T11:13:44.883551
-79, 0, 0, -114, -13, 2, -1, , 2020-08-29T11:13:46.206627
-79, 0, 0, -114, -13, 2, -1, , 2020-08-29T11:13:47.591706
-79, 0, 0, -112, -12, 2, 3, , 2020-08-29T11:13:48.906781
-79, 0, 0, -112, -12, 2, 3, , 2020-08-29T11:13:50.260859
-81, 0, 0, -114, -14, 2, 2, , 2020-08-29T11:13:51.582935
-81, 0, 0, -114, -14, 2, 2, , 2020-08-29T11:13:52.904010
-81, 0, 0, -113, -13, 2, 0, , 2020-08-29T11:13:54.218085
-81, 0, 0, -113, -13, 2, 0, , 2020-08-29T11:13:55.566162
-81, 0, 0, -111, -13, 2, 5, , 2020-08-29T11:13:56.966242
-81, 0, 0, -111, -13, 2, 5, , 2020-08-29T11:13:58.302319
-78, 0, 0, -112, -13, 2, 1, , 2020-08-29T11:13:59.638395
-78, 0, 0, -112, -13, 2, 1, , 2020-08-29T11:14:01.017474
-78, 0, 0, -112, -13, 2, 1, , 2020-08-29T11:14:02.363551
-76, 0, 0, -109, -13, 2, 6, , 2020-08-29T11:14:03.682627
-76, 0, 0, -109, -13, 2, 6, , 2020-08-29T11:14:04.982701
-76, 0, 0, -111, -13, 2, 4, , 2020-08-29T11:14:06.321778
-76, 0, 0, -111, -13, 2, 4, , 2020-08-29T11:14:07.695856
-76, 0, 0, -109, -12, 2, 5, , 2020-08-29T11:14:09.062934
-76, 0, 0, -109, -12, 2, 5, , 2020-08-29T11:14:10.424012
-80, 0, 0, -112, -12, 2, 4, , 2020-08-29T11:14:11.767089
-80, 0, 0, -112, -12, 2, 4, , 2020-08-29T11:14:13.126167
-80, 0, 0, -112, -12, 2, 4, , 2020-08-29T11:14:14.442242
-75, 0, 0, -110, -12, 2, 2, , 2020-08-29T11:14:15.784319
-75, 0, 0, -110, -12, 2, 2, , 2020-08-29T11:14:17.099394
-79, 0, 0, -110, -12, 2, 6, , 2020-08-29T11:14:18.443471
-79, 0, 0, -110, -12, 2, 6, , 2020-08-29T11:14:19.760546
-79, 0, 0, -115, -13, 1, 5, , 2020-08-29T11:14:21.083622
-79, 0, 0, -115, -13, 1, 5, , 2020-08-29T11:14:22.420698
-79, 0, 0, -111, -12, 2, 6, , 2020-08-29T11:14:23.802777
-79, 0, 0, -111, -12, 2, 6, , 2020-08-29T11:14:25.139854
-79, 0, 0, -111, -12, 2, 6, , 2020-08-29T11:14:26.455929
-79, 0, 0, -111, -12, 2, 6, , 2020-08-29T11:14:27.817007
-79, 0, 0, -111, -12, 2, 6, , 2020-08-29T11:14:29.144083
-81, 0, 0, -112, -13, 2, 5, , 2020-08-29T11:14:30.457158
-81, 0, 0, -112, -13, 2, 5, , 2020-08-29T11:14:31.841237
-77, 0, 0, -106, -12, 2, 2, , 2020-08-29T11:14:33.146312
-77, 0, 0, -106, -12, 2, 2, , 2020-08-29T11:14:34.478388
-80, 0, 0, -113, -13, 2, 3, , 2020-08-29T11:14:35.817465
-80, 0, 0, -113, -13, 2, 3, , 2020-08-29T11:14:37.155541
-80, 0, 0, -113, -13, 2, 3, , 2020-08-29T11:14:38.499618
-80, 0, 0, -113, -12, 2, 2, , 2020-08-29T11:14:39.820694
-80, 0, 0, -113, -12, 2, 2, , 2020-08-29T11:14:41.138769
-80, 0, 0, -111, -13, 2, 2, , 2020-08-29T11:14:42.463845
-80, 0, 0, -111, -13, 2, 2, , 2020-08-29T11:14:43.797921
-76, 0, 0, -112, -13, 2, 2, , 2020-08-29T11:14:45.134998
-76, 0, 0, -112, -13, 2, 2, , 2020-08-29T11:14:46.440072
-81, 0, 0, -113, -12, 2, 4, , 2020-08-29T11:14:47.796150
-81, 0, 0, -113, -12, 2, 4, , 2020-08-29T11:14:49.116225
-81, 0, 0, -113, -12, 2, 4, , 2020-08-29T11:14:50.480303
-77, 0, 0, -110, -12, 2, 5, , 2020-08-29T11:14:51.816380
-77, 0, 0, -110, -12, 2, 5, , 2020-08-29T11:14:53.137455
-81, 0, 0, -111, -12, 2, 4, , 2020-08-29T11:14:54.483532
-81, 0, 0, -111, -12, 2, 4, , 2020-08-29T11:14:55.816608
-76, 0, 0, -110, -14, 2, 4, , 2020-08-29T11:14:57.142684
-76, 0, 0, -110, -14, 2, 4, , 2020-08-29T11:14:58.465760
-79, 0, 0, -111, -12, 2, 1, , 2020-08-29T11:14:59.798836
-79, 0, 0, -111, -12, 2, 1, , 2020-08-29T11:15:01.122912
-79, 0, 0, -111, -12, 2, 1, , 2020-08-29T11:15:02.444988
-79, 0, 0, -111, -14, 2, 3, , 2020-08-29T11:15:03.782064
-79, 0, 0, -111, -14, 2, 3, , 2020-08-29T11:15:05.123141
-79, 0, 0, -112, -12, 2, 3, , 2020-08-29T11:15:06.482219
-79, 0, 0, -112, -12, 2, 3, , 2020-08-29T11:15:07.820295
-79, 0, 0, -111, -14, 2, 5, , 2020-08-29T11:15:09.155371
-79, 0, 0, -111, -14, 2, 5, , 2020-08-29T11:15:10.477447
-75, 0, 0, -109, -13, 2, 8, , 2020-08-29T11:15:11.816524
-75, 0, 0, -109, -13, 2, 8, , 2020-08-29T11:15:13.158600
-75, 0, 0, -109, -13, 2, 8, , 2020-08-29T11:15:14.478676
-78, 0, 0, -110, -13, 2, 4, , 2020-08-29T11:15:15.816752
-78, 0, 0, -110, -13, 2, 4, , 2020-08-29T11:15:17.139828
-78, 0, 0, -110, -13, 2, 4, , 2020-08-29T11:15:18.496906
-78, 0, 0, -110, -13, 2, 4, , 2020-08-29T11:15:19.857984
-78, 0, 0, -111, -12, 2, 5, , 2020-08-29T11:15:21.198060
-78, 0, 0, -111, -12, 2, 5, , 2020-08-29T11:15:22.541137
-80, 0, 0, -113, -12, 2, 3, , 2020-08-29T11:15:23.838211
-80, 0, 0, -113, -12, 2, 3, , 2020-08-29T11:15:25.162287
-80, 0, 0, -113, -12, 2, 3, , 2020-08-29T11:15:26.516364
-80, 0, 0, -114, -14, 2, 0, , 2020-08-29T11:15:27.872442
-80, 0, 0, -114, -14, 2, 0, , 2020-08-29T11:15:29.214519
-80, 0, 0, -113, -11, 2, 2, , 2020-08-29T11:15:30.539595
-80, 0, 0, -113, -11, 2, 2, , 2020-08-29T11:15:31.855670
-80, 0, 0, -108, -11, 2, 5, , 2020-08-29T11:15:33.173745
-80, 0, 0, -108, -11, 2, 5, , 2020-08-29T11:15:34.532823
-80, 0, 0, -111, -11, 2, 4, , 2020-08-29T11:15:36.028909
-80, 0, 0, -111, -11, 2, 4, , 2020-08-29T11:15:37.336983
-77, 0, 0, -111, -13, 2, 5, , 2020-08-29T11:15:38.665059
-77, 0, 0, -111, -13, 2, 5, , 2020-08-29T11:15:39.979134
-77, 0, 0, -111, -13, 2, 5, , 2020-08-29T11:15:41.313211
-79, 0, 0, -111, -12, 2, 6, , 2020-08-29T11:15:42.663288
-79, 0, 0, -111, -12, 2, 6, , 2020-08-29T11:15:43.977363
-79, 0, 0, -112, -13, 2, 3, , 2020-08-29T11:15:45.313440
-79, 0, 0, -112, -13, 2, 3, , 2020-08-29T11:15:46.635515
-79, 0, 0, -111, -12, 2, 7, , 2020-08-29T11:15:47.973592
-79, 0, 0, -111, -12, 2, 7, , 2020-08-29T11:15:49.296667
-79, 0, 0, -111, -12, 2, 7, , 2020-08-29T11:15:50.632744
-77, 0, 0, -111, -14, 2, 3, , 2020-08-29T11:15:51.975821
-77, 0, 0, -111, -14, 2, 3, , 2020-08-29T11:15:53.282895
-80, 0, 0, -111, -12, 2, 4, , 2020-08-29T11:15:54.650974
-80, 0, 0, -111, -12, 2, 4, , 2020-08-29T11:15:55.976049
-80, 0, 0, -112, -12, 2, 4, , 2020-08-29T11:15:57.298125
-80, 0, 0, -112, -12, 2, 4, , 2020-08-29T11:15:58.726207
-78, 0, 0, -113, -14, 2, 3, , 2020-08-29T11:16:00.054283
-78, 0, 0, -113, -14, 2, 3, , 2020-08-29T11:16:01.379358
-81, 0, 0, -113, -13, 2, 4, , 2020-08-29T11:16:02.774438
-81, 0, 0, -113, -13, 2, 4, , 2020-08-29T11:16:04.171518
-81, 0, 0, -113, -13, 2, 4, , 2020-08-29T11:16:05.477593
-76, 0, 0, -111, -14, 2, 4, , 2020-08-29T11:16:06.791668
-76, 0, 0, -111, -14, 2, 4, , 2020-08-29T11:16:08.175747
-76, 0, 0, -110, -13, 2, 4, , 2020-08-29T11:16:09.551826
-76, 0, 0, -110, -13, 2, 4, , 2020-08-29T11:16:10.868901
-78, 0, 0, -109, -14, 2, 6, , 2020-08-29T11:16:12.194977
-78, 0, 0, -109, -14, 2, 6, , 2020-08-29T11:16:13.564055
-80, 0, 0, -111, -13, 2, 3, , 2020-08-29T11:16:14.875130
-80, 0, 0, -111, -13, 2, 3, , 2020-08-29T11:16:16.193206
-80, 0, 0, -111, -13, 2, 3, , 2020-08-29T11:16:17.528282
-80, 0, 0, -109, -12, 2, 6, , 2020-08-29T11:16:18.858358
-80, 0, 0, -109, -12, 2, 6, , 2020-08-29T11:16:20.210436
-80, 0, 0, -113, -12, 2, 2, , 2020-08-29T11:16:21.547512
-80, 0, 0, -113, -12, 2, 2, , 2020-08-29T11:16:22.913590
-78, 0, 0, -111, -12, 2, 4, , 2020-08-29T11:16:24.270668
-78, 0, 0, -111, -12, 2, 4, , 2020-08-29T11:16:25.637746
-80, 0, 0, -112, -12, 2, 4, , 2020-08-29T11:16:26.976823
-80, 0, 0, -112, -12, 2, 4, , 2020-08-29T11:16:28.452907
-77, 0, 0, -112, -14, 2, 5, , 2020-08-29T11:16:29.814985
-77, 0, 0, -112, -14, 2, 5, , 2020-08-29T11:16:31.138061
-77, 0, 0, -112, -14, 2, 5, , 2020-08-29T11:16:32.456136
-80, 0, 0, -111, -13, 2, 4, , 2020-08-29T11:16:33.798213
-80, 0, 0, -111, -13, 2, 4, , 2020-08-29T11:16:35.144290
-78, 0, 0, -110, -12, 2, 4, , 2020-08-29T11:16:36.455365
-78, 0, 0, -110, -12, 2, 4, , 2020-08-29T11:16:37.794441
-78, 0, 0, -112, -12, 2, 3, , 2020-08-29T11:16:39.133518
-78, 0, 0, -112, -12, 2, 3, , 2020-08-29T11:16:40.453593
-78, 0, 0, -110, -12, 2, 6, , 2020-08-29T11:16:41.790670
-78, 0, 0, -110, -12, 2, 6, , 2020-08-29T11:16:43.111745
-78, 0, 0, -110, -12, 2, 6, , 2020-08-29T11:16:44.429821
-78, 0, 0, -110, -13, 2, 5, , 2020-08-29T11:16:45.755897
-78, 0, 0, -110, -13, 2, 5, , 2020-08-29T11:16:47.086973
-78, 0, 0, -111, -13, 2, 3, , 2020-08-29T11:16:48.409048
-78, 0, 0, -111, -13, 2, 3, , 2020-08-29T11:16:49.749125
-80, 0, 0, -114, -13, 2, 2, , 2020-08-29T11:16:51.088202
-80, 0, 0, -114, -13, 2, 2, , 2020-08-29T11:16:52.429278
-75, 0, 0, -111, -13, 2, 4, , 2020-08-29T11:16:53.860360
-75, 0, 0, -111, -13, 2, 4, , 2020-08-29T11:16:55.174435
-75, 0, 0, -111, -13, 2, 4, , 2020-08-29T11:16:56.513512
-79, 0, 0, -108, -12, 2, 7, , 2020-08-29T11:16:57.849588
-79, 0, 0, -108, -12, 2, 7, , 2020-08-29T11:16:59.166664
-75, 0, 0, -109, -15, 2, 4, , 2020-08-29T11:17:00.527742
-75, 0, 0, -109, -15, 2, 4, , 2020-08-29T11:17:01.850817
-75, 0, 0, -110, -15, 2, 5, , 2020-08-29T11:17:03.209895
-75, 0, 0, -110, -15, 2, 5, , 2020-08-29T11:17:04.566973
-80, 0, 0, -111, -14, 2, 5, , 2020-08-29T11:17:05.871047
-80, 0, 0, -111, -14, 2, 5, , 2020-08-29T11:17:07.226125
-80, 0, 0, -111, -14, 2, 5, , 2020-08-29T11:17:08.532199
-76, 0, 0, -110, -13, 2, 5, , 2020-08-29T11:17:09.850275
-76, 0, 0, -110, -13, 2, 5, , 2020-08-29T11:17:11.166350
-80, 0, 0, -110, -13, 2, 7, , 2020-08-29T11:17:12.510427
-80, 0, 0, -110, -13, 2, 7, , 2020-08-29T11:17:13.828502
-78, 0, 0, -112, -13, 2, 3, , 2020-08-29T11:17:15.150578
-78, 0, 0, -112, -13, 2, 3, , 2020-08-29T11:17:16.507656
-80, 0, 0, -110, -12, 2, 7, , 2020-08-29T11:17:17.851732
-80, 0, 0, -110, -12, 2, 7, , 2020-08-29T11:17:19.193809
-80, 0, 0, -110, -12, 2, 7, , 2020-08-29T11:17:20.517885
-77, 0, 0, -111, -13, 2, 7, , 2020-08-29T11:17:21.854961
-77, 0, 0, -111, -13, 2, 7, , 2020-08-29T11:17:23.175037
-77, 0, 0, -112, -14, 2, 2, , 2020-08-29T11:17:24.558116
-77, 0, 0, -112, -14, 2, 2, , 2020-08-29T11:17:25.866191
-79, 0, 0, -112, -14, 2, 5, , 2020-08-29T11:17:27.226269
-79, 0, 0, -112, -14, 2, 5, , 2020-08-29T11:17:28.551344
-79, 0, 0, -111, -13, 2, 5, , 2020-08-29T11:17:29.871420
-79, 0, 0, -111, -13, 2, 5, , 2020-08-29T11:17:31.234498
-79, 0, 0, -111, -13, 2, 5, , 2020-08-29T11:17:32.570574
-79, 0, 0, -112, -13, 2, 5, , 2020-08-29T11:17:33.868649
-79, 0, 0, -112, -13, 2, 5, , 2020-08-29T11:17:35.188724
-79, 0, 0, -111, -12, 2, 5, , 2020-08-29T11:17:36.647808
-79, 0, 0, -111, -12, 2, 5, , 2020-08-29T11:17:37.989884
-79, 0, 0, -113, -14, 2, 0, , 2020-08-29T11:17:39.349962
-79, 0, 0, -113, -14, 2, 0, , 2020-08-29T11:17:40.686038
-77, 0, 0, -111, -14, 2, 3, , 2020-08-29T11:17:42.008114
-77, 0, 0, -111, -14, 2, 3, , 2020-08-29T11:17:43.350191
-80, 0, 0, -111, -12, 2, 4, , 2020-08-29T11:17:44.678267
-80, 0, 0, -111, -12, 2, 4, , 2020-08-29T11:17:46.011343
-80, 0, 0, -111, -12, 2, 4, , 2020-08-29T11:17:47.354420
-80, 0, 0, -111, -11, 2, 5, , 2020-08-29T11:17:48.666495
-80, 0, 0, -111, -11, 2, 5, , 2020-08-29T11:17:50.051574
-78, 0, 0, -112, -14, 2, 3, , 2020-08-29T11:17:51.387651
-78, 0, 0, -112, -14, 2, 3, , 2020-08-29T11:17:52.705726
-81, 0, 0, -112, -13, 2, 4, , 2020-08-29T11:17:54.044803
-81, 0, 0, -112, -13, 2, 4, , 2020-08-29T11:17:55.372879
-81, 0, 0, -113, -13, 2, 1, , 2020-08-29T11:17:56.743957
-81, 0, 0, -113, -13, 2, 1, , 2020-08-29T11:17:58.107035
-81, 0, 0, -113, -13, 2, 1, , 2020-08-29T11:17:59.558118
-77, 0, 0, -110, -12, 2, 4, , 2020-08-29T11:18:00.908195
-77, 0, 0, -110, -12, 2, 4, , 2020-08-29T11:18:02.246272
-77, 0, 0, -111, -12, 2, 4, , 2020-08-29T11:18:03.572348
-77, 0, 0, -111, -12, 2, 4, , 2020-08-29T11:18:04.885423
-79, 0, 0, -111, -12, 2, 5, , 2020-08-29T11:18:06.204498
-79, 0, 0, -111, -12, 2, 5, , 2020-08-29T11:18:07.532574
-79, 0, 0, -106, -11, 2, 4, , 2020-08-29T11:18:08.846649
-79, 0, 0, -106, -11, 2, 4, , 2020-08-29T11:18:10.163725
-79, 0, 0, -106, -11, 2, 4, , 2020-08-29T11:18:11.504801
-79, 0, 0, -111, -13, 2, 4, , 2020-08-29T11:18:12.848878
-79, 0, 0, -111, -13, 2, 4, , 2020-08-29T11:18:14.184955
-79, 0, 0, -110, -13, 2, 5, , 2020-08-29T11:18:15.526031
-79, 0, 0, -110, -13, 2, 5, , 2020-08-29T11:18:16.863108
-77, 0, 0, -110, -14, 2, 6, , 2020-08-29T11:18:18.208185
-77, 0, 0, -110, -14, 2, 6, , 2020-08-29T11:18:19.544261
-79, 0, 0, -111, -13, 2, 4, , 2020-08-29T11:18:20.980343
-79, 0, 0, -111, -13, 2, 4, , 2020-08-29T11:18:22.325420
-79, 0, 0, -111, -13, 2, 4, , 2020-08-29T11:18:23.664497
-79, 0, 0, -111, -12, 2, 4, , 2020-08-29T11:18:24.964571
-79, 0, 0, -111, -12, 2, 4, , 2020-08-29T11:18:26.333649
-79, 0, 0, -110, -13, 2, 7, , 2020-08-29T11:18:27.656725
-79, 0, 0, -110, -13, 2, 7, , 2020-08-29T11:18:29.000802
-81, 0, 0, -113, -12, 2, 3, , 2020-08-29T11:18:30.401882
-81, 0, 0, -113, -12, 2, 3, , 2020-08-29T11:18:31.777961
-81, 0, 0, -113, -13, 2, 3, , 2020-08-29T11:18:33.084035
-81, 0, 0, -113, -13, 2, 3, , 2020-08-29T11:18:34.409111
-81, 0, 0, -113, -12, 2, 2, , 2020-08-29T11:18:35.760189
-81, 0, 0, -113, -12, 2, 2, , 2020-08-29T11:18:37.102265
-81, 0, 0, -113, -12, 2, 2, , 2020-08-29T11:18:38.430341
-81, 0, 0, -113, -12, 2, 2, , 2020-08-29T11:18:39.781419
-81, 0, 0, -113, -12, 2, 2, , 2020-08-29T11:18:41.124495
-81, 0, 0, -111, -12, 2, 5, , 2020-08-29T11:18:42.446571
-81, 0, 0, -111, -12, 2, 5, , 2020-08-29T11:18:43.860652
-79, 0, 0, -112, -12, 2, 3, , 2020-08-29T11:18:45.200729
-79, 0, 0, -112, -12, 2, 3, , 2020-08-29T11:18:46.523804
-81, 0, 0, -111, -12, 2, 5, , 2020-08-29T11:18:47.863881
-81, 0, 0, -111, -12, 2, 5, , 2020-08-29T11:18:49.184956
-81, 0, 0, -111, -12, 2, 5, , 2020-08-29T11:18:50.540034
-77, 0, 0, -112, -12, 2, 4, , 2020-08-29T11:18:51.930113
-77, 0, 0, -112, -12, 2, 4, , 2020-08-29T11:18:53.254189
-81, 0, 0, -111, -12, 2, 6, , 2020-08-29T11:18:54.602266
-81, 0, 0, -111, -12, 2, 6, , 2020-08-29T11:18:56.031348
-77, 0, 0, -111, -13, 2, 3, , 2020-08-29T11:18:57.341423
-77, 0, 0, -111, -13, 2, 3, , 2020-08-29T11:18:58.680500
-81, 0, 0, -113, -13, 2, 4, , 2020-08-29T11:18:59.986574
-81, 0, 0, -113, -13, 2, 4, , 2020-08-29T11:19:01.304650
-81, 0, 0, -113, -13, 2, 4, , 2020-08-29T11:19:02.655727
-78, 0, 0, -111, -13, 2, 4, , 2020-08-29T11:19:04.018805
-78, 0, 0, -111, -13, 2, 4, , 2020-08-29T11:19:05.344881
-78, 0, 0, -110, -12, 2, 4, , 2020-08-29T11:19:06.663956
-78, 0, 0, -110, -12, 2, 4, , 2020-08-29T11:19:08.001033
-78, 0, 0, -111, -13, 2, 1, , 2020-08-29T11:19:09.337109
-78, 0, 0, -111, -13, 2, 1, , 2020-08-29T11:19:10.750190
-78, 0, 0, -111, -14, 2, 5, , 2020-08-29T11:19:12.065265
-78, 0, 0, -111, -14, 2, 5, , 2020-08-29T11:19:13.384341
-80, 0, 0, -112, -13, 2, 3, , 2020-08-29T11:19:14.706416
-80, 0, 0, -112, -13, 2, 3, , 2020-08-29T11:19:16.048493
-80, 0, 0, -112, -13, 2, 3, , 2020-08-29T11:19:17.362568
-76, 0, 0, -111, -14, 2, 5, , 2020-08-29T11:19:18.721646
-76, 0, 0, -111, -14, 2, 5, , 2020-08-29T11:19:20.117726
-81, 0, 0, -112, -12, 2, 3, , 2020-08-29T11:19:21.430801
-81, 0, 0, -112, -12, 2, 3, , 2020-08-29T11:19:22.780878
-81, 0, 0, -111, -13, 2, 4, , 2020-08-29T11:19:24.082952
-81, 0, 0, -111, -13, 2, 4, , 2020-08-29T11:19:25.402028
-81, 0, 0, -112, -12, 2, 3, , 2020-08-29T11:19:26.743105
-81, 0, 0, -112, -12, 2, 3, , 2020-08-29T11:19:28.064180
-81, 0, 0, -112, -12, 2, 3, , 2020-08-29T11:19:29.418258
-81, 0, 0, -110, -12, 2, 4, , 2020-08-29T11:19:30.835339
-81, 0, 0, -110, -12, 2, 4, , 2020-08-29T11:19:32.144414
-81, 0, 0, -111, -14, 2, 4, , 2020-08-29T11:19:33.463489
-81, 0, 0, -111, -14, 2, 4, , 2020-08-29T11:19:34.780564
-79, 0, 0, -113, -13, 2, 1, , 2020-08-29T11:19:36.084639
-79, 0, 0, -113, -13, 2, 1, , 2020-08-29T11:19:37.403714
-79, 0, 0, -113, -12, 2, 2, , 2020-08-29T11:19:38.757792
-79, 0, 0, -113, -12, 2, 2, , 2020-08-29T11:19:40.076867
-79, 0, 0, -113, -12, 2, 2, , 2020-08-29T11:19:41.406943
-76, 0, 0, -111, -14, 2, 2, , 2020-08-29T11:19:42.800023
-76, 0, 0, -111, -14, 2, 2, , 2020-08-29T11:19:44.118098
-76, 0, 0, -110, -13, 2, 5, , 2020-08-29T11:19:45.440174
-76, 0, 0, -110, -13, 2, 5, , 2020-08-29T11:19:46.778251
-79, 0, 0, -110, -12, 2, 5, , 2020-08-29T11:19:48.100326
-79, 0, 0, -110, -12, 2, 5, , 2020-08-29T11:19:49.423402
-79, 0, 0, -110, -13, 2, 6, , 2020-08-29T11:19:50.741477
-79, 0, 0, -110, -13, 2, 6, , 2020-08-29T11:19:52.208561
-79, 0, 0, -110, -13, 2, 6, , 2020-08-29T11:19:53.563639
-77, 0, 0, -111, -14, 2, 4, , 2020-08-29T11:19:54.881714
-77, 0, 0, -111, -14, 2, 4, , 2020-08-29T11:19:56.199789
-80, 0, 0, -110, -12, 2, 5, , 2020-08-29T11:19:57.536866
-80, 0, 0, -110, -12, 2, 5, , 2020-08-29T11:19:58.898944
-80, 0, 0, -110, -12, 2, 5, , 2020-08-29T11:20:00.239020
-80, 0, 0, -110, -12, 2, 5, , 2020-08-29T11:20:01.630100
-80, 0, 0, -111, -13, 2, 3, , 2020-08-29T11:20:02.940175
-80, 0, 0, -111, -13, 2, 3, , 2020-08-29T11:20:04.278251
-80, 0, 0, -111, -13, 2, 3, , 2020-08-29T11:20:05.645330
-80, 0, 0, -112, -13, 2, 2, , 2020-08-29T11:20:06.963405
-80, 0, 0, -112, -13, 2, 2, , 2020-08-29T11:20:08.296481
-76, 0, 0, -111, -13, 2, 3, , 2020-08-29T11:20:09.640558
-76, 0, 0, -111, -13, 2, 3, , 2020-08-29T11:20:10.978635
-79, 0, 0, -112, -10, 2, 2, , 2020-08-29T11:20:12.297710
-79, 0, 0, -112, -10, 2, 2, , 2020-08-29T11:20:13.621786
-79, 0, 0, -110, -12, 2, 5, , 2020-08-29T11:20:14.974863
-79, 0, 0, -110, -12, 2, 5, , 2020-08-29T11:20:16.295939
-79, 0, 0, -110, -12, 2, 5, , 2020-08-29T11:20:17.621015
-76, 0, 0, -112, -13, 2, 3, , 2020-08-29T11:20:18.940090
-76, 0, 0, -112, -13, 2, 3, , 2020-08-29T11:20:20.295168
-79, 0, 0, -110, -12, 2, 4, , 2020-08-29T11:20:21.658246
-79, 0, 0, -110, -12, 2, 4, , 2020-08-29T11:20:22.999322
-79, 0, 0, -110, -13, 2, 5, , 2020-08-29T11:20:24.335399
-79, 0, 0, -110, -13, 2, 5, , 2020-08-29T11:20:25.658474
-79, 0, 0, -111, -12, 2, 3, , 2020-08-29T11:20:27.012552
-79, 0, 0, -111, -12, 2, 3, , 2020-08-29T11:20:28.361629
-79, 0, 0, -114, -14, 2, 0, , 2020-08-29T11:20:29.685705
-79, 0, 0, -114, -14, 2, 0, , 2020-08-29T11:20:31.032782
-79, 0, 0, -114, -14, 2, 0, , 2020-08-29T11:20:32.373858
-79, 0, 0, -113, -13, 2, 5, , 2020-08-29T11:20:33.685934
-79, 0, 0, -113, -13, 2, 5, , 2020-08-29T11:20:35.033011
-79, 0, 0, -111, -12, 2, 2, , 2020-08-29T11:20:36.374087
-79, 0, 0, -111, -12, 2, 2, , 2020-08-29T11:20:37.723164
-79, 0, 0, -111, -12, 2, 2, , 2020-08-29T11:20:39.057241
-79, 0, 0, -111, -12, 2, 2, , 2020-08-29T11:20:40.394317
-81, 0, 0, -112, -12, 2, 3, , 2020-08-29T11:20:41.717393
-81, 0, 0, -112, -12, 2, 3, , 2020-08-29T11:20:43.036468
-81, 0, 0, -112, -12, 2, 3, , 2020-08-29T11:20:44.398546
-81, 0, 0, -110, -11, 2, 6, , 2020-08-29T11:20:45.771625
-81, 0, 0, -110, -11, 2, 6, , 2020-08-29T11:20:47.118702
-78, 0, 0, -111, -11, 2, 5, , 2020-08-29T11:20:48.440777
-78, 0, 0, -111, -11, 2, 5, , 2020-08-29T11:20:49.816856
-80, 0, 0, -111, -12, 2, 4, , 2020-08-29T11:20:51.157933
-80, 0, 0, -111, -12, 2, 4, , 2020-08-29T11:20:52.478008
-80, 0, 0, -112, -13, 2, 2, , 2020-08-29T11:20:53.838086
-80, 0, 0, -112, -13, 2, 2, , 2020-08-29T11:20:55.180163
-80, 0, 0, -112, -13, 2, 2, , 2020-08-29T11:20:56.496238
-80, 0, 0, -113, -13, 2, 2, , 2020-08-29T11:20:57.821314
-80, 0, 0, -113, -13, 2, 2, , 2020-08-29T11:20:59.172391
-78, 0, 0, -111, -14, 2, 5, , 2020-08-29T11:21:00.523469
-78, 0, 0, -111, -14, 2, 5, , 2020-08-29T11:21:01.856545
-81, 0, 0, -113, -13, 2, 3, , 2020-08-29T11:21:03.201622
-81, 0, 0, -113, -13, 2, 3, , 2020-08-29T11:21:04.533698
-74, 0, 0, -109, -12, 2, 5, , 2020-08-29T11:21:05.851773
-74, 0, 0, -109, -12, 2, 5, , 2020-08-29T11:21:07.175849
-74, 0, 0, -109, -12, 2, 5, , 2020-08-29T11:21:08.518926
-80, 0, 0, -111, -13, 2, 4, , 2020-08-29T11:21:09.842002
-80, 0, 0, -111, -13, 2, 4, , 2020-08-29T11:21:11.175078
-80, 0, 0, -111, -12, 2, 3, , 2020-08-29T11:21:12.494153
-80, 0, 0, -111, -12, 2, 3, , 2020-08-29T11:21:13.869232
-82, 0, 0, -112, -12, 2, 3, , 2020-08-29T11:21:15.198308
-82, 0, 0, -112, -12, 2, 3, , 2020-08-29T11:21:16.548385
-77, 0, 0, -112, -13, 2, 3, , 2020-08-29T11:21:17.914463
-77, 0, 0, -112, -13, 2, 3, , 2020-08-29T11:21:19.229538
-77, 0, 0, -112, -13, 2, 3, , 2020-08-29T11:21:20.576616
-80, 0, 0, -112, -12, 2, 3, , 2020-08-29T11:21:22.134705
-80, 0, 0, -112, -12, 2, 3, , 2020-08-29T11:21:23.442779
-80, 0, 0, -113, -13, 2, 5, , 2020-08-29T11:21:24.771855
-80, 0, 0, -113, -13, 2, 5, , 2020-08-29T11:21:26.160935
-77, 0, 0, -111, -12, 2, 5, , 2020-08-29T11:21:27.492011
-77, 0, 0, -111, -12, 2, 5, , 2020-08-29T11:21:28.819087
-80, 0, 0, -110, -12, 2, 6, , 2020-08-29T11:21:30.165164
-80, 0, 0, -110, -12, 2, 6, , 2020-08-29T11:21:31.480239
-80, 0, 0, -111, -13, 2, 5, , 2020-08-29T11:21:32.797314
-80, 0, 0, -111, -13, 2, 5, , 2020-08-29T11:21:34.154392
-80, 0, 0, -111, -13, 2, 5, , 2020-08-29T11:21:35.476468
-80, 0, 0, -112, -13, 2, 4, , 2020-08-29T11:21:36.794543
-80, 0, 0, -112, -13, 2, 4, , 2020-08-29T11:21:38.171622
-78, 0, 0, -110, -13, 2, 5, , 2020-08-29T11:21:39.489697
-78, 0, 0, -110, -13, 2, 5, , 2020-08-29T11:21:40.810773
-76, 0, 0, -109, -12, 2, 5, , 2020-08-29T11:21:42.186852
-76, 0, 0, -109, -12, 2, 5, , 2020-08-29T11:21:43.500927
-76, 0, 0, -109, -12, 2, 5, , 2020-08-29T11:21:44.815002
-76, 0, 0, -109, -12, 2, 5, , 2020-08-29T11:21:46.172079
-76, 0, 0, -109, -12, 2, 5, , 2020-08-29T11:21:47.479154
-80, 0, 0, -111, -12, 2, 3, , 2020-08-29T11:21:48.792229
-80, 0, 0, -111, -12, 2, 3, , 2020-08-29T11:21:50.152307
-80, 0, 0, -112, -13, 2, 4, , 2020-08-29T11:21:51.482383
-80, 0, 0, -112, -13, 2, 4, , 2020-08-29T11:21:52.817460
-80, 0, 0, -110, -12, 2, 6, , 2020-08-29T11:21:54.172537
-80, 0, 0, -110, -12, 2, 6, , 2020-08-29T11:21:55.531615
-80, 0, 0, -111, -13, 2, 4, , 2020-08-29T11:21:56.874692
-80, 0, 0, -111, -13, 2, 4, , 2020-08-29T11:21:58.210768
-80, 0, 0, -111, -13, 2, 4, , 2020-08-29T11:21:59.535844
-77, 0, 0, -111, -12, 2, 4, , 2020-08-29T11:22:00.837918
-77, 0, 0, -111, -12, 2, 4, , 2020-08-29T11:22:02.195996
-79, 0, 0, -110, -13, 2, 5, , 2020-08-29T11:22:03.512071
-79, 0, 0, -110, -13, 2, 5, , 2020-08-29T11:22:04.952154
-76, 0, 0, -112, -13, 2, 5, , 2020-08-29T11:22:06.258228
-76, 0, 0, -112, -13, 2, 5, , 2020-08-29T11:22:07.592305
-79, 0, 0, -111, -12, 2, 5, , 2020-08-29T11:22:08.932381
-79, 0, 0, -111, -12, 2, 5, , 2020-08-29T11:22:10.256457
-79, 0, 0, -111, -12, 2, 5, , 2020-08-29T11:22:11.596534
-76, 0, 0, -108, -12, 2, 7, , 2020-08-29T11:22:12.951611
-76, 0, 0, -108, -12, 2, 7, , 2020-08-29T11:22:14.347691
-76, 0, 0, -112, -13, 2, 3, , 2020-08-29T11:22:15.690768
-76, 0, 0, -112, -13, 2, 3, , 2020-08-29T11:22:17.004843
-79, 0, 0, -112, -13, 2, 2, , 2020-08-29T11:22:18.311918
-79, 0, 0, -112, -13, 2, 2, , 2020-08-29T11:22:19.629993
-79, 0, 0, -114, -13, 2, 2, , 2020-08-29T11:22:20.974070
-79, 0, 0, -114, -13, 2, 2, , 2020-08-29T11:22:22.309146
-79, 0, 0, -114, -13, 2, 2, , 2020-08-29T11:22:23.650223
-79, 0, 0, -113, -13, 2, 1, , 2020-08-29T11:22:24.971299
-79, 0, 0, -113, -13, 2, 1, , 2020-08-29T11:22:26.309375
-79, 0, 0, -109, -11, 2, 5, , 2020-08-29T11:22:27.665453
-79, 0, 0, -109, -11, 2, 5, , 2020-08-29T11:22:28.996529
-79, 0, 0, -110, -11, 2, 5, , 2020-08-29T11:22:30.316604
-79, 0, 0, -110, -11, 2, 5, , 2020-08-29T11:22:31.651681
-81, 0, 0, -112, -12, 2, 4, , 2020-08-29T11:22:32.989757
-81, 0, 0, -112, -12, 2, 4, , 2020-08-29T11:22:34.331834
-81, 0, 0, -112, -12, 2, 4, , 2020-08-29T11:22:35.650910
-81, 0, 0, -112, -13, 2, 1, , 2020-08-29T11:22:37.009987
-81, 0, 0, -112, -13, 2, 1, , 2020-08-29T11:22:38.331063
-76, 0, 0, -111, -12, 2, 1, , 2020-08-29T11:22:39.673140
-76, 0, 0, -111, -12, 2, 1, , 2020-08-29T11:22:41.013216
-79, 0, 0, -111, -12, 2, 6, , 2020-08-29T11:22:42.367294
-79, 0, 0, -111, -12, 2, 6, , 2020-08-29T11:22:43.686369
-79, 0, 0, -111, -12, 2, 7, , 2020-08-29T11:22:45.010445
-79, 0, 0, -111, -12, 2, 7, , 2020-08-29T11:22:46.327520
-79, 0, 0, -111, -12, 2, 7, , 2020-08-29T11:22:47.696598
-77, 0, 0, -112, -14, 2, 4, , 2020-08-29T11:22:49.027675
-77, 0, 0, -112, -14, 2, 4, , 2020-08-29T11:22:50.345750
-79, 0, 0, -111, -13, 2, 5, , 2020-08-29T11:22:51.689827
-79, 0, 0, -111, -13, 2, 5, , 2020-08-29T11:22:53.011902
-79, 0, 0, -111, -12, 2, 4, , 2020-08-29T11:22:54.349979
-79, 0, 0, -111, -12, 2, 4, , 2020-08-29T11:22:55.694056
-76, 0, 0, -111, -13, 2, 4, , 2020-08-29T11:22:57.006131
-76, 0, 0, -111, -13, 2, 4, , 2020-08-29T11:22:58.344207
-76, 0, 0, -111, -13, 2, 4, , 2020-08-29T11:22:59.681284
-82, 0, 0, -112, -12, 2, 5, , 2020-08-29T11:23:01.152368
-82, 0, 0, -112, -12, 2, 5, , 2020-08-29T11:23:02.508446
-80, 0, 0, -115, -13, 1, 5, , 2020-08-29T11:23:03.849522
-80, 0, 0, -115, -13, 1, 5, , 2020-08-29T11:23:05.186599
-76, 0, 0, -112, -13, 2, 1, , 2020-08-29T11:23:06.526675
-76, 0, 0, -112, -13, 2, 1, , 2020-08-29T11:23:07.864752
-80, 0, 0, -113, -12, 2, 1, , 2020-08-29T11:23:09.206829
-80, 0, 0, -113, -12, 2, 1, , 2020-08-29T11:23:10.647911
-76, 0, 0, -111, -14, 2, 5, , 2020-08-29T11:23:11.952986
-76, 0, 0, -111, -14, 2, 5, , 2020-08-29T11:23:13.265061
-76, 0, 0, -111, -14, 2, 5, , 2020-08-29T11:23:14.570136
-78, 0, 0, -111, -12, 2, 5, , 2020-08-29T11:23:15.925213
-78, 0, 0, -111, -12, 2, 5, , 2020-08-29T11:23:17.265290
-80, 0, 0, -111, -12, 2, 5, , 2020-08-29T11:23:18.575365
-80, 0, 0, -111, -12, 2, 5, , 2020-08-29T11:23:19.906441
-80, 0, 0, -110, -12, 2, 6, , 2020-08-29T11:23:21.227516
-80, 0, 0, -110, -12, 2, 6, , 2020-08-29T11:23:22.544592
-80, 0, 0, -111, -12, 2, 3, , 2020-08-29T11:23:23.905670
-80, 0, 0, -111, -12, 2, 3, , 2020-08-29T11:23:25.228745
-80, 0, 0, -111, -12, 2, 3, , 2020-08-29T11:23:26.547821
-80, 0, 0, -112, -12, 2, 4, , 2020-08-29T11:23:27.882897
-80, 0, 0, -112, -12, 2, 4, , 2020-08-29T11:23:29.203973
-77, 0, 0, -110, -13, 2, 4, , 2020-08-29T11:23:30.528048
-77, 0, 0, -110, -13, 2, 4, , 2020-08-29T11:23:31.884126
-82, 0, 0, -112, -12, 2, 5, , 2020-08-29T11:23:33.206201
-82, 0, 0, -112, -12, 2, 5, , 2020-08-29T11:23:34.549278
-82, 0, 0, -113, -13, 2, 3, , 2020-08-29T11:23:35.865354
-82, 0, 0, -113, -13, 2, 3, , 2020-08-29T11:23:37.215431
-82, 0, 0, -113, -13, 2, 3, , 2020-08-29T11:23:38.564508
-77, 0, 0, -112, -14, 2, 1, , 2020-08-29T11:23:39.886584
-77, 0, 0, -112, -14, 2, 1, , 2020-08-29T11:23:41.285664
-81, 0, 0, -114, -12, 2, 3, , 2020-08-29T11:23:42.663742
-81, 0, 0, -114, -12, 2, 3, , 2020-08-29T11:23:43.976818
-81, 0, 0, -114, -13, 2, 4, , 2020-08-29T11:23:45.310894
-81, 0, 0, -114, -13, 2, 4, , 2020-08-29T11:23:46.641970
-79, 0, 0, -112, -12, 2, 4, , 2020-08-29T11:23:47.977046
-79, 0, 0, -112, -12, 2, 4, , 2020-08-29T11:23:49.303122
-79, 0, 0, -112, -12, 2, 4, , 2020-08-29T11:23:50.621198
-82, 0, 0, -113, -13, 2, 4, , 2020-08-29T11:23:51.970275
-82, 0, 0, -113, -13, 2, 4, , 2020-08-29T11:23:53.323352
-78, 0, 0, -113, -14, 2, 2, , 2020-08-29T11:23:54.661429
-78, 0, 0, -113, -14, 2, 2, , 2020-08-29T11:23:55.983504
-80, 0, 0, -112, -12, 2, 1, , 2020-08-29T11:23:57.303580
-80, 0, 0, -112, -12, 2, 1, , 2020-08-29T11:23:58.621655
-80, 0, 0, -112, -14, 2, 4, , 2020-08-29T11:23:59.942731
-80, 0, 0, -112, -14, 2, 4, , 2020-08-29T11:24:01.303809
-80, 0, 0, -112, -14, 2, 4, , 2020-08-29T11:24:02.707889
-80, 0, 0, -113, -12, 2, 5, , 2020-08-29T11:24:04.045965
-80, 0, 0, -113, -12, 2, 5, , 2020-08-29T11:24:05.363041
-80, 0, 0, -113, -13, 2, 3, , 2020-08-29T11:24:06.748120
-80, 0, 0, -113, -13, 2, 3, , 2020-08-29T11:24:08.091197
-80, 0, 0, -112, -13, 2, 4, , 2020-08-29T11:24:09.440274
-80, 0, 0, -112, -13, 2, 4, , 2020-08-29T11:24:10.761350
-80, 0, 0, -110, -12, 2, 7, , 2020-08-29T11:24:12.085425
-80, 0, 0, -110, -12, 2, 7, , 2020-08-29T11:24:13.390500
-77, 0, 0, -110, -13, 2, 6, , 2020-08-29T11:24:14.736577
-77, 0, 0, -110, -13, 2, 6, , 2020-08-29T11:24:16.043652
-77, 0, 0, -110, -13, 2, 6, , 2020-08-29T11:24:17.524736
-77, 0, 0, -112, -11, 2, 4, , 2020-08-29T11:24:18.866813
-77, 0, 0, -112, -11, 2, 4, , 2020-08-29T11:24:20.167888
-79, 0, 0, -109, -12, 2, 7, , 2020-08-29T11:24:21.499964
-79, 0, 0, -109, -12, 2, 7, , 2020-08-29T11:24:22.823039
-79, 0, 0, -113, -13, 2, 1, , 2020-08-29T11:24:24.131114
-79, 0, 0, -113, -13, 2, 1, , 2020-08-29T11:24:25.461190
-79, 0, 0, -111, -12, 2, 4, , 2020-08-29T11:24:26.819268
-79, 0, 0, -111, -12, 2, 4, , 2020-08-29T11:24:28.145344
-79, 0, 0, -111, -12, 2, 4, , 2020-08-29T11:24:29.463419
